#timestamppx py pz qx qy qz qw
1741766479.451982 -0.00074802 0.00021397 -0.00003224 -0.00589974 0.00227785 0.00002777 0.99998000
1741766479.585330 -0.00095692 0.00007498 -0.00003184 -0.00578133 0.00227873 0.00007095 0.99998069
1741766479.718808 -0.00087327 0.00011280 -0.00021370 -0.00565729 0.00232441 0.00007326 0.99998129
1741766479.852200 -0.00138141 0.00079429 -0.00021171 -0.00567630 0.00244585 -0.00006273 0.99998090
1741766479.985833 -0.00140039 0.00079266 -0.00020342 -0.00569965 0.00245449 -0.00006404 0.99998074
1741766480.119049 -0.00139224 0.00077776 -0.00020386 -0.00570904 0.00245592 -0.00006044 0.99998069
1741766480.252511 -0.00136198 0.00078327 -0.00021232 -0.00571177 0.00246030 -0.00006196 0.99998066
1741766480.385911 -0.00136232 0.00079246 -0.00021011 -0.00570320 0.00246966 -0.00006604 0.99998068
1741766480.519346 -0.00141163 0.00079984 -0.00020337 -0.00569809 0.00247605 -0.00006515 0.99998070
1741766480.652787 -0.00143090 0.00078674 -0.00020335 -0.00569221 0.00248717 -0.00006240 0.99998070
1741766480.786182 -0.00147390 0.00080690 -0.00017744 -0.00569110 0.00252075 -0.00006166 0.99998063
1741766480.919755 -0.00131444 0.00067942 -0.00016358 -0.00549882 0.00272319 -0.00005274 0.99998117
1741766481.053120 -0.00142324 0.00071197 -0.00007848 -0.00555791 0.00265539 -0.00005166 0.99998103
1741766481.186797 -0.00140740 0.00074691 -0.00012716 -0.00555475 0.00263476 -0.00006137 0.99998110
1741766481.319966 -0.00139625 0.00074601 -0.00015712 -0.00556198 0.00260728 -0.00006272 0.99998113
1741766481.453328 -0.00140098 0.00072317 -0.00017054 -0.00555195 0.00259778 -0.00005851 0.99998121
1741766481.586891 -0.00143445 0.00072138 -0.00016737 -0.00552879 0.00257972 -0.00005986 0.99998139
1741766481.720196 -0.00150697 0.00081091 -0.00013525 -0.00559632 0.00254453 -0.00007350 0.99998110
1741766481.853758 -0.00153305 0.00081416 -0.00015451 -0.00561334 0.00251639 -0.00007402 0.99998108
1741766481.987201 -0.00150824 0.00081756 -0.00018649 -0.00559714 0.00254751 -0.00007285 0.99998109
1741766482.120700 -0.00146408 0.00080539 -0.00019483 -0.00558216 0.00258691 -0.00006907 0.99998107
1741766482.253936 -0.00152708 0.00082573 -0.00017382 -0.00558822 0.00259115 -0.00007440 0.99998103
1741766482.388146 -0.00150055 0.00086721 -0.00015386 -0.00565561 0.00265154 -0.00009997 0.99998049
1741766482.520983 -0.00151127 0.00084492 -0.00013614 -0.00564153 0.00263138 -0.00010792 0.99998062
1741766482.654494 -0.00156699 0.00081840 -0.00018126 -0.00563108 0.00258305 -0.00010500 0.99998080
1741766482.787905 -0.00162014 0.00083675 -0.00017828 -0.00562074 0.00257989 -0.00010912 0.99998087
1741766482.921220 -0.00156493 0.00082185 -0.00020369 -0.00560068 0.00256925 -0.00011206 0.99998101
1741766483.054598 -0.00152160 0.00079454 -0.00022723 -0.00555882 0.00254846 -0.00011360 0.99998130
1741766483.188261 -0.00151252 0.00080058 -0.00024310 -0.00553755 0.00249495 -0.00011518 0.99998155
1741766483.321427 -0.00149514 0.00085458 -0.00026682 -0.00556626 0.00247380 -0.00010946 0.99998144
1741766483.454946 -0.00132279 0.00077554 -0.00034491 -0.00552958 0.00253874 -0.00008549 0.99998149
1741766483.588295 -0.00147812 0.00087423 -0.00021857 -0.00551344 0.00262925 -0.00010776 0.99998134
1741766483.721669 -0.00145122 0.00087834 -0.00021638 -0.00549952 0.00264917 -0.00010768 0.99998136
1741766483.855182 -0.00145046 0.00086523 -0.00021761 -0.00549279 0.00266064 -0.00010485 0.99998137
1741766483.988557 -0.00147427 0.00087825 -0.00020795 -0.00546902 0.00267810 -0.00011063 0.99998145
1741766484.122100 -0.00145831 0.00086745 -0.00020070 -0.00546313 0.00270469 -0.00011028 0.99998141
1741766484.255505 -0.00148193 0.00085409 -0.00020767 -0.00542951 0.00268816 -0.00010790 0.99998164
1741766484.388850 -0.00147735 0.00085937 -0.00021963 -0.00541936 0.00268666 -0.00011252 0.99998170
1741766484.522383 -0.00145713 0.00087473 -0.00022241 -0.00539875 0.00269565 -0.00011524 0.99998179
1741766484.655720 -0.00141150 0.00087138 -0.00023298 -0.00538976 0.00269886 -0.00011637 0.99998183
1741766484.789160 -0.00142715 0.00085283 -0.00023066 -0.00536842 0.00270796 -0.00011037 0.99998192
1741766484.922843 -0.00140648 0.00085158 -0.00022758 -0.00536170 0.00271792 -0.00011072 0.99998193
1741766485.056205 -0.00141593 0.00087095 -0.00022299 -0.00534191 0.00272884 -0.00011291 0.99998200
1741766485.189491 -0.00142729 0.00086367 -0.00022409 -0.00532658 0.00273423 -0.00011246 0.99998207
1741766485.289661 -0.00142454 0.00086136 -0.00022128 -0.00531322 0.00274099 -0.00011289 0.99998212
1741766485.423079 -0.00141205 0.00085016 -0.00022966 -0.00528809 0.00274971 -0.00010812 0.99998223
1741766485.556463 -0.00145669 0.00087644 -0.00021477 -0.00526759 0.00275930 -0.00011346 0.99998231
1741766485.689817 -0.00147063 0.00087822 -0.00020615 -0.00525370 0.00276742 -0.00011604 0.99998236
1741766485.823265 -0.00148920 0.00086060 -0.00021375 -0.00523607 0.00277082 -0.00011169 0.99998245
1741766485.956634 -0.00150757 0.00085916 -0.00020575 -0.00521301 0.00278423 -0.00011085 0.99998253
1741766486.090157 -0.00152380 0.00084488 -0.00020661 -0.00519578 0.00278987 -0.00010960 0.99998260
1741766486.223581 -0.00152067 0.00087391 -0.00020106 -0.00517053 0.00279997 -0.00011472 0.99998271
1741766486.356976 -0.00146530 0.00086319 -0.00021495 -0.00516059 0.00280483 -0.00011310 0.99998274
1741766486.490488 -0.00142603 0.00087428 -0.00022318 -0.00515293 0.00281213 -0.00011587 0.99998276
1741766486.623896 -0.00143682 0.00088361 -0.00020999 -0.00513158 0.00282994 -0.00011802 0.99998282
1741766486.757205 -0.00143853 0.00087050 -0.00021087 -0.00511459 0.00283566 -0.00011616 0.99998289
1741766486.890642 -0.00140596 0.00090265 -0.00021467 -0.00510830 0.00284066 -0.00012210 0.99998291
1741766487.024131 -0.00142150 0.00088727 -0.00020739 -0.00509019 0.00285016 -0.00012054 0.99998298
1741766487.157498 -0.00144792 0.00088119 -0.00020582 -0.00505884 0.00285993 -0.00011675 0.99998311
1741766487.290960 -0.00142830 0.00087690 -0.00021492 -0.00504031 0.00286229 -0.00011571 0.99998319
1741766487.424373 -0.00143163 0.00090168 -0.00020138 -0.00501919 0.00287815 -0.00012218 0.99998325
1741766487.557913 -0.00143504 0.00086662 -0.00022197 -0.00499389 0.00287614 -0.00011508 0.99998339
1741766487.691247 -0.00141182 0.00090336 -0.00021237 -0.00497610 0.00289345 -0.00012052 0.99998343
1741766487.824648 -0.00144822 0.00089775 -0.00019875 -0.00496295 0.00290553 -0.00012002 0.99998346
1741766487.958139 -0.00143678 0.00089138 -0.00021366 -0.00494112 0.00290189 -0.00011757 0.99998358
1741766488.091686 -0.00142442 0.00089131 -0.00021773 -0.00491636 0.00291103 -0.00012079 0.99998367
1741766488.224985 -0.00143223 0.00089202 -0.00020945 -0.00490182 0.00291865 -0.00012200 0.99998372
1741766488.358421 -0.00142995 0.00088362 -0.00021258 -0.00486707 0.00292553 -0.00011974 0.99998387
1741766488.491805 -0.00143006 0.00089188 -0.00022006 -0.00485334 0.00292993 -0.00012300 0.99998392
1741766488.625299 -0.00143517 0.00087932 -0.00021717 -0.00483100 0.00293681 -0.00012137 0.99998401
1741766488.758795 -0.00145345 0.00090541 -0.00019801 -0.00480828 0.00294803 -0.00012604 0.99998409
1741766488.892220 -0.00144032 0.00088045 -0.00021565 -0.00478185 0.00294906 -0.00012089 0.99998421
1741766489.025572 -0.00141448 0.00088397 -0.00022499 -0.00476378 0.00294998 -0.00012325 0.99998429
1741766489.159019 -0.00141536 0.00090943 -0.00022062 -0.00475245 0.00295388 -0.00012863 0.99998434
1741766489.292450 -0.00141850 0.00088524 -0.00020850 -0.00472292 0.00296239 -0.00012242 0.99998445
1741766489.426053 -0.00143825 0.00089608 -0.00022044 -0.00470725 0.00296677 -0.00012418 0.99998451
1741766489.559504 -0.00140605 0.00090093 -0.00021979 -0.00471095 0.00297411 -0.00012881 0.99998447
1741766489.692723 -0.00143648 0.00091318 -0.00019716 -0.00470998 0.00298620 -0.00013469 0.99998444
1741766489.826285 -0.00143908 0.00093287 -0.00018453 -0.00470629 0.00300107 -0.00013966 0.99998441
1741766489.959632 -0.00143802 0.00091175 -0.00017496 -0.00469438 0.00301589 -0.00013684 0.99998442
1741766490.093047 -0.00140607 0.00087863 -0.00020041 -0.00466694 0.00301637 -0.00012165 0.99998455
1741766490.226574 -0.00138537 0.00087121 -0.00020313 -0.00465037 0.00302395 -0.00012394 0.99998461
1741766490.359951 -0.00134853 0.00080771 -0.00021311 -0.00460630 0.00303337 -0.00011349 0.99998478
1741766490.493384 -0.00137696 0.00080291 -0.00019740 -0.00459057 0.00305039 -0.00011168 0.99998480
1741766490.690336 -0.00136098 0.00081992 -0.00019535 -0.00459102 0.00306018 -0.00011430 0.99998477
1741766490.760367 -0.00134826 0.00081446 -0.00018950 -0.00458134 0.00306927 -0.00011151 0.99998479
1741766490.893660 -0.00134169 0.00078331 -0.00019383 -0.00457959 0.00307503 -0.00010837 0.99998478
1741766491.027066 -0.00137855 0.00081837 -0.00019326 -0.00458578 0.00307803 -0.00011559 0.99998474
1741766491.160670 -0.00132622 0.00078634 -0.00018319 -0.00454916 0.00309834 -0.00010736 0.99998485
1741766491.293893 -0.00135223 0.00078107 -0.00018950 -0.00455542 0.00310121 -0.00009968 0.99998481
1741766491.427340 -0.00135963 0.00080232 -0.00018172 -0.00455881 0.00310356 -0.00011361 0.99998479
1741766491.560912 -0.00133902 0.00077713 -0.00018246 -0.00454080 0.00311582 -0.00010633 0.99998483
1741766491.694334 -0.00136549 0.00082308 -0.00019185 -0.00455760 0.00311443 -0.00011814 0.99998476
1741766491.827684 -0.00129920 0.00073791 -0.00018253 -0.00450978 0.00313768 -0.00009555 0.99998490
1741766491.961072 -0.00132371 0.00077666 -0.00016683 -0.00451042 0.00315240 -0.00010388 0.99998485
1741766492.094560 -0.00131837 0.00075743 -0.00017095 -0.00451010 0.00315312 -0.00009975 0.99998485
1741766492.228029 -0.00130175 0.00074811 -0.00017078 -0.00448925 0.00316699 -0.00009842 0.99998490
1741766492.361443 -0.00131848 0.00075532 -0.00017056 -0.00449133 0.00317269 -0.00010211 0.99998488
1741766492.494771 -0.00133576 0.00075890 -0.00015699 -0.00448534 0.00319644 -0.00010268 0.99998483
1741766492.628275 -0.00130487 0.00071503 -0.00014642 -0.00444963 0.00320786 -0.00008721 0.99998495
1741766492.761711 -0.00123409 0.00062683 -0.00016578 -0.00443094 0.00322309 -0.00005739 0.99998499
1741766492.895205 -0.00120779 0.00061691 -0.00015180 -0.00441047 0.00325069 -0.00004565 0.99998499
1741766493.028610 -0.00119211 0.00061458 -0.00014941 -0.00440704 0.00326341 -0.00004332 0.99998496
1741766493.161974 -0.00119945 0.00060508 -0.00014707 -0.00440047 0.00327226 -0.00004034 0.99998496
1741766493.295555 -0.00121367 0.00062490 -0.00013721 -0.00440455 0.00327607 -0.00004393 0.99998493
1741766493.428916 -0.00118105 0.00059510 -0.00014555 -0.00439084 0.00328584 -0.00003723 0.99998496
1741766493.562282 -0.00118472 0.00057254 -0.00015826 -0.00437944 0.00329523 -0.00002878 0.99998498
1741766493.695800 -0.00119398 0.00057692 -0.00017282 -0.00437883 0.00330368 -0.00003019 0.99998496
1741766493.829102 -0.00129040 0.00058380 -0.00015999 -0.00439012 0.00331112 -0.00003658 0.99998488
1741766493.962615 -0.00135200 0.00054872 -0.00015465 -0.00437491 0.00331896 -0.00003500 0.99998492
1741766494.096090 -0.00141809 0.00060298 -0.00009300 -0.00437958 0.00334933 -0.00004302 0.99998480
1741766494.229465 -0.00129884 0.00059376 -0.00011896 -0.00437579 0.00335196 -0.00003726 0.99998481
1741766494.362952 -0.00132117 0.00063855 -0.00008656 -0.00438459 0.00336753 -0.00004492 0.99998472
1741766494.496344 -0.00121234 0.00059992 -0.00012725 -0.00437126 0.00337132 -0.00003011 0.99998476
1741766494.629764 -0.00124945 0.00060191 -0.00014457 -0.00435430 0.00336167 -0.00004017 0.99998487
1741766494.763147 -0.00139353 0.00061469 -0.00010121 -0.00437166 0.00337241 -0.00003900 0.99998476
1741766494.896678 -0.00128474 0.00062241 -0.00011698 -0.00436967 0.00337513 -0.00003800 0.99998476
1741766495.030023 -0.00120272 0.00062176 -0.00014225 -0.00435496 0.00337973 -0.00003751 0.99998481
1741766495.163475 -0.00123503 0.00062539 -0.00013054 -0.00436234 0.00339257 -0.00003970 0.99998473
1741766495.296979 -0.00122301 0.00060276 -0.00012822 -0.00434839 0.00340168 -0.00003440 0.99998476
1741766495.430370 -0.00120274 0.00061559 -0.00012979 -0.00435324 0.00341160 -0.00003663 0.99998470
1741766495.563808 -0.00123774 0.00061871 -0.00012277 -0.00435048 0.00341917 -0.00003848 0.99998469
1741766495.697335 -0.00125299 0.00062853 -0.00011472 -0.00434946 0.00342781 -0.00003967 0.99998467
1741766495.830652 -0.00125994 0.00063909 -0.00012997 -0.00436905 0.00342243 -0.00003689 0.99998460
1741766495.964068 -0.00122466 0.00063855 -0.00013242 -0.00436513 0.00342906 -0.00003997 0.99998459
1741766496.097523 -0.00122395 0.00060541 -0.00011736 -0.00433177 0.00344910 -0.00003280 0.99998467
1741766496.231039 -0.00119198 0.00064612 -0.00013366 -0.00435791 0.00344964 -0.00004310 0.99998455
1741766496.364325 -0.00121859 0.00064972 -0.00009815 -0.00434476 0.00347046 -0.00004170 0.99998454
1741766496.497907 -0.00118721 0.00065438 -0.00014004 -0.00435415 0.00346126 -0.00004562 0.99998453
1741766496.631177 -0.00117856 0.00063172 -0.00014802 -0.00434352 0.00346915 -0.00003788 0.99998455
1741766496.764769 -0.00118867 0.00065023 -0.00011693 -0.00433182 0.00349101 -0.00004426 0.99998452
1741766496.898203 -0.00115538 0.00059832 -0.00014295 -0.00432456 0.00348792 -0.00003388 0.99998457
1741766497.031591 -0.00117816 0.00064873 -0.00012833 -0.00433487 0.00350206 -0.00004422 0.99998447
1741766497.165022 -0.00118305 0.00064631 -0.00013585 -0.00433589 0.00350607 -0.00004204 0.99998445
1741766497.298429 -0.00119219 0.00064193 -0.00012971 -0.00432224 0.00351542 -0.00004217 0.99998448
1741766497.431885 -0.00119950 0.00064353 -0.00013409 -0.00433069 0.00351921 -0.00004043 0.99998443
1741766497.565326 -0.00117650 0.00063983 -0.00012500 -0.00431224 0.00353535 -0.00004118 0.99998445
1741766497.698758 -0.00119144 0.00064560 -0.00012750 -0.00432749 0.00353437 -0.00004215 0.99998439
1741766497.832164 -0.00119195 0.00063729 -0.00011640 -0.00430733 0.00355427 -0.00004026 0.99998441
1741766497.965566 -0.00118096 0.00062969 -0.00013065 -0.00429898 0.00355832 -0.00003942 0.99998443
1741766498.099208 -0.00119379 0.00065608 -0.00010346 -0.00430461 0.00358115 -0.00004603 0.99998432
1741766498.232419 -0.00119088 0.00062661 -0.00014576 -0.00430625 0.00356388 -0.00004039 0.99998438
1741766498.365934 -0.00117378 0.00062144 -0.00015087 -0.00430626 0.00357251 -0.00003825 0.99998435
1741766498.499408 -0.00117374 0.00065005 -0.00011795 -0.00429055 0.00359929 -0.00004657 0.99998432
1741766498.632700 -0.00118862 0.00061975 -0.00011254 -0.00427782 0.00360974 -0.00003842 0.99998433
1741766498.766357 -0.00119882 0.00064773 -0.00013956 -0.00430024 0.00359992 -0.00004374 0.99998427
1741766498.899601 -0.00117077 0.00062826 -0.00012281 -0.00427847 0.00361702 -0.00004149 0.99998430
1741766499.033062 -0.00117959 0.00060405 -0.00012728 -0.00426942 0.00362750 -0.00003382 0.99998431
1741766499.166991 -0.00117825 0.00063271 -0.00014627 -0.00428588 0.00362751 -0.00004249 0.99998424
1741766499.299962 -0.00116134 0.00059918 -0.00013263 -0.00426297 0.00364690 -0.00003443 0.99998426
1741766499.433353 -0.00117183 0.00062354 -0.00011789 -0.00426939 0.00365349 -0.00004081 0.99998421
1741766499.566940 -0.00119396 0.00064023 -0.00014010 -0.00428483 0.00364983 -0.00004214 0.99998416
1741766499.700219 -0.00119259 0.00063355 -0.00011399 -0.00425616 0.00367314 -0.00004459 0.99998420
1741766499.833612 -0.00122859 0.00066745 -0.00010932 -0.00428142 0.00367516 -0.00004550 0.99998408
1741766499.967092 -0.00120793 0.00064114 -0.00010001 -0.00425444 0.00369515 -0.00004389 0.99998412
1741766500.100769 -0.00119384 0.00063199 -0.00012417 -0.00425708 0.00369426 -0.00003993 0.99998411
1741766500.233939 -0.00120251 0.00062401 -0.00011279 -0.00425130 0.00371011 -0.00003455 0.99998408
1741766500.367675 -0.00122946 0.00063466 -0.00012884 -0.00426626 0.00367673 -0.00001787 0.99998414
1741766500.500956 -0.00120637 0.00062135 -0.00010474 -0.00426043 0.00372996 -0.00005684 0.99998397
1741766500.634394 -0.00135823 0.00069605 -0.00003388 -0.00426045 0.00372771 -0.00000720 0.99998398
1741766500.767668 -0.00141658 0.00064965 -0.00003434 -0.00423318 0.00374274 -0.00004756 0.99998403
1741766500.901119 -0.00141018 0.00067023 -0.00005595 -0.00425393 0.00375432 -0.00007439 0.99998390
1741766501.034615 -0.00144320 0.00067801 -0.00004027 -0.00421980 0.00377437 -0.00003224 0.99998397
1741766501.167996 -0.00138459 0.00064560 -0.00008969 -0.00423754 0.00377085 0.00002795 0.99998391
1741766501.301457 -0.00135050 0.00066591 -0.00009196 -0.00426484 0.00380789 -0.00003718 0.99998365
1741766501.434899 -0.00138307 0.00052923 -0.00015937 -0.00418243 0.00374996 0.00002662 0.99998422
1741766501.568426 -0.00124611 0.00039682 -0.00016847 -0.00401503 0.00378142 -0.00001546 0.99998479
1741766501.701760 -0.00103583 0.00020284 -0.00025414 -0.00378823 0.00390406 0.00001000 0.99998520
1741766501.835260 -0.00081746 -0.00012986 -0.00036414 -0.00335021 0.00392483 -0.00000382 0.99998669
1741766501.968641 -0.00065217 -0.00031169 -0.00037834 -0.00306036 0.00399243 -0.00003735 0.99998735
1741766502.102024 0.00056015 -0.00216171 -0.00065236 -0.00034957 0.00432631 0.00014628 0.99999057
1741766502.235445 0.00125005 -0.00386067 -0.00060944 0.00311159 0.00517525 0.00054219 0.99998162
1741766502.368943 0.00136124 -0.00466049 -0.00051144 0.00514160 0.00560377 0.00056039 0.99997092
1741766502.502444 0.00195688 -0.00793816 -0.00002587 0.01245238 0.00726749 0.00044835 0.99989595
1741766502.635884 0.00521713 -0.01107481 0.00127355 0.01893116 0.01534042 0.00034678 0.99970304
1741766502.769232 0.01071497 -0.00464080 0.00560588 -0.00806921 0.02502018 -0.00331160 0.99964889
1741766502.902646 0.02002988 -0.00129872 0.01058468 -0.01195234 0.03236444 -0.00840530 0.99936932
1741766503.036025 0.04460055 -0.00103389 0.01091807 -0.02926486 0.15843729 -0.00985829 0.98688602
1741766503.169613 0.05020849 0.00645965 0.03957295 -0.02111475 0.09494537 -0.01440371 0.99515430
1741766503.302994 0.06196979 0.01402680 0.07860563 -0.01678677 0.06576015 -0.01772051 0.99753686
1741766503.436438 0.07328302 0.02376527 0.12900665 -0.01200875 0.05883754 -0.01900507 0.99801440
1741766503.569823 0.08412123 0.03305653 0.18917679 -0.00912627 0.05830436 -0.01971269 0.99806248
1741766503.703292 0.09478601 0.03985039 0.25273976 -0.00225028 0.06214527 -0.02033154 0.99785747
1741766503.836695 0.11347233 0.04184374 0.31974532 0.01357262 0.11578052 -0.01862718 0.99300739
1741766503.970178 0.14020862 0.04744654 0.37233225 0.01655567 0.12354696 -0.01744753 0.99204720
1741766504.103562 0.16398390 0.05732451 0.41966004 0.01169894 0.08834062 -0.01898658 0.99584064
1741766504.237068 0.19522430 0.06839711 0.44745350 0.01109054 0.08381026 -0.02264309 0.99616270
1741766504.370437 0.23762425 0.07268149 0.45405916 0.02303485 0.13454937 -0.02476152 0.99032961
1741766504.503958 0.28349466 0.07685596 0.44087801 0.03331872 0.14167289 -0.02621744 0.98900521
1741766504.637434 0.33958476 0.10102839 0.40681793 0.01192280 0.07124213 -0.03121228 0.99689929
1741766504.770780 0.42607053 0.13475831 0.39156960 0.02828075 0.05086363 -0.03219121 0.99778596
1741766504.904233 0.47976012 0.15811258 0.35386709 0.04011081 0.05337051 -0.03145660 0.99727288
1741766505.037620 0.53014414 0.17880712 0.31808077 0.04034404 0.05327995 -0.02982858 0.99731834
1741766505.171056 0.58694599 0.19312908 0.30013750 0.04054510 0.05595041 -0.02816642 0.99721226
1741766505.304438 0.63507280 0.20726579 0.29148832 0.04106351 0.05529328 -0.02748651 0.99724668
1741766505.437869 0.67697349 0.22060629 0.29670674 0.04267823 0.05477141 -0.02390576 0.99729994
1741766505.571318 0.71795094 0.23737529 0.30781033 0.04200967 0.05448275 -0.01861335 0.99745695
1741766505.704847 0.75762961 0.25862759 0.31204471 0.04356930 0.05195927 -0.01215770 0.99762425
1741766505.838273 0.79607925 0.28247322 0.30731527 0.04365775 0.04860577 -0.00596815 0.99784561
1741766505.971649 0.83022003 0.31216762 0.29394347 0.04372276 0.04653942 -0.00114625 0.99795846
1741766506.105028 0.85857803 0.34368954 0.27435568 0.04599802 0.05132609 0.00120513 0.99762135
1741766506.238540 0.88463038 0.37493903 0.26432745 0.04734758 0.05314403 0.00154119 0.99746255
1741766506.371950 0.90881639 0.40049824 0.26735430 0.06997618 0.05128991 0.00215003 0.99622691
1741766506.505406 0.91839649 0.41233243 0.27759744 0.18824047 0.04893878 0.00092177 0.98090248
1741766506.638824 0.94774847 0.38023161 0.28823218 0.23752296 0.04068098 -0.00131627 0.97052881
1741766506.772260 0.95910318 0.30603512 0.30333967 0.08566379 0.03867504 -0.00211049 0.99557094
1741766506.906310 0.97047502 0.20505334 0.32325389 0.03780566 0.04087496 0.00279482 0.99844487
1741766507.039291 0.97606289 0.10433532 0.35399880 0.03500489 0.04444986 0.00335435 0.99839252
1741766507.172564 0.98223445 0.00701096 0.39313336 0.03603976 0.04260549 0.00175871 0.99844019
1741766507.305961 0.98943705 -0.08741279 0.44462107 0.03202585 0.04042765 0.00088150 0.99866870
1741766507.439553 0.99082115 -0.17754017 0.50486896 0.02001625 0.04057429 0.00164126 0.99897467
1741766507.572839 0.99203377 -0.25881376 0.55947936 0.00419331 0.03820115 0.00238602 0.99925842
1741766507.706227 0.99119376 -0.32707673 0.59575671 -0.00288824 0.03787302 0.00250980 0.99927523
1741766507.839771 0.98723133 -0.38662247 0.62166743 -0.00226444 0.04574338 0.00292077 0.99894639
1741766507.973170 0.98309844 -0.43978584 0.64533167 -0.00125237 0.04793930 0.00370989 0.99884258
1741766508.106838 0.97942345 -0.47709759 0.66957771 0.00080647 0.04737870 0.00436941 0.99886712
1741766508.240010 0.97317301 -0.50289635 0.69727248 0.00399596 0.04551996 0.00495862 0.99894313
1741766508.373517 0.96834337 -0.52266079 0.71973640 0.00991419 0.04514964 0.00569601 0.99891480
1741766508.506956 0.95624614 -0.52651924 0.74842178 0.01603927 0.04559544 0.00606167 0.99881282
1741766508.640308 0.94475226 -0.52543580 0.76987406 0.02250209 0.04525785 0.00623248 0.99870243
1741766508.773765 0.93261037 -0.51948417 0.78947597 0.02703175 0.04458031 0.00621056 0.99862070
1741766508.907225 0.92057300 -0.51330572 0.80265224 0.02610709 0.04626707 0.00640419 0.99856736
1741766509.040696 0.90903214 -0.50358016 0.81284853 0.02560782 0.04701178 0.00637188 0.99854571
1741766509.174076 0.89731658 -0.49250410 0.81844466 0.02579510 0.04706582 0.00639369 0.99853820
1741766509.307496 0.88575540 -0.48034941 0.82068655 0.02704782 0.04727722 0.00665882 0.99849333
1741766509.440904 0.87568109 -0.46750404 0.82726461 0.02964427 0.04624045 0.00805265 0.99845791
1741766509.574336 0.86762787 -0.45295209 0.84065318 0.03035856 0.04575711 0.00845784 0.99845536
1741766509.707730 0.85844232 -0.44412806 0.85759260 0.03103124 0.04399673 0.00882110 0.99851066
1741766509.841352 0.85072919 -0.43018748 0.87253416 0.03242436 0.04348213 0.00826411 0.99849370
1741766509.974706 0.84400149 -0.41730123 0.88692894 0.03213753 0.04354143 0.00876550 0.99849611
1741766510.108254 0.83440476 -0.40821890 0.89854320 0.03300187 0.04462404 0.01069328 0.99840133
1741766510.241510 0.82634166 -0.39721425 0.90792218 0.03253799 0.04534598 0.01190948 0.99837026
1741766510.374946 0.81913422 -0.38668166 0.91511165 0.03330341 0.04599098 0.01161682 0.99831897
1741766510.508432 0.81235895 -0.37666693 0.92140150 0.03425945 0.04469593 0.00908811 0.99837166
1741766510.641783 0.80766750 -0.37014073 0.92572658 0.03332854 0.04583924 0.00512317 0.99837955
1741766510.775232 0.80355595 -0.36283427 0.92822472 0.03471805 0.04493363 0.00307509 0.99838178
1741766510.908706 0.79944990 -0.35890112 0.92879356 0.03340289 0.04610183 0.00133855 0.99837722
1741766511.042077 0.79587490 -0.35704996 0.92954810 0.03277612 0.04587177 0.00049765 0.99840936
1741766511.175493 0.79200012 -0.35785067 0.92814909 0.03028568 0.04727326 0.00341227 0.99841693
1741766511.308983 0.78800669 -0.35846111 0.92450420 0.02973622 0.04782397 0.00657217 0.99839142
1741766511.442384 0.78445988 -0.35467042 0.92050698 0.03076311 0.04902396 0.00642245 0.99830308
1741766511.575813 0.78191616 -0.35664916 0.91589213 0.03610355 0.10440814 -0.03002387 0.99342541
1741766511.709206 0.78674843 -0.36435616 0.91182948 0.05056548 0.15039759 -0.06462346 0.98521445
1741766511.842651 0.83284673 -0.38166141 0.90309636 0.04974739 0.14632257 -0.09435954 0.98346895
1741766511.976173 0.90450733 -0.42313669 0.89691203 0.04857471 0.11817206 -0.11687101 0.98489443
1741766512.109723 1.00034589 -0.42817398 0.88721718 0.03993315 0.08787083 -0.13758978 0.98577539
1741766512.243040 1.10390172 -0.46281008 0.87086449 0.03176648 0.06631322 -0.15013471 0.98592749
1741766512.376372 1.21141861 -0.49876870 0.85731949 0.02072059 0.05496056 -0.15847241 0.98561478
1741766512.509979 1.32948005 -0.53265408 0.84285163 0.01204945 0.05729574 -0.16374360 0.98476395
1741766512.643292 1.44852061 -0.56248074 0.83424938 0.00595264 0.05880151 -0.16528637 0.98447314
1741766512.776736 1.57399555 -0.58887845 0.83326571 0.00453327 0.05534292 -0.16086812 0.98541263
1741766512.910115 1.70500343 -0.61591053 0.83771394 0.00684970 0.05207756 -0.14973488 0.98732997
1741766513.043608 1.84190860 -0.63541072 0.84657998 0.00743127 0.05054098 -0.13731987 0.98920859
1741766513.177061 1.98123994 -0.65818960 0.86246918 0.00885950 0.04724550 -0.12758708 0.99066185
1741766513.310444 2.12312003 -0.67680192 0.88072531 0.01393479 0.04402252 -0.12047260 0.99164217
1741766513.443960 2.26879272 -0.69387549 0.90099269 0.02099381 0.04544809 -0.11443078 0.99216900
1741766513.577315 2.41037339 -0.71113426 0.92698639 0.02711488 0.04105467 -0.11296908 0.99237961
1741766513.710813 2.54380190 -0.73149925 0.96094753 0.03159595 0.03812361 -0.11458841 0.99217830
1741766513.844480 2.65086064 -0.71482654 1.00320724 0.02829991 0.03924447 -0.11971312 0.99162884
1741766513.977628 2.78803298 -0.77860352 1.01585722 0.02761880 0.03250524 -0.11673078 0.99224721
1741766514.111158 2.91288388 -0.80809936 1.04322635 0.02888098 0.03460864 -0.11206759 0.99267769
1741766514.244498 3.03699472 -0.84050847 1.06354772 0.03516640 0.03577569 -0.10144447 0.99357559
1741766514.377916 3.15136214 -0.80116393 1.11312730 0.03567685 0.04745286 -0.09383505 0.99381607
1741766514.511345 3.27656861 -0.90977751 1.10621953 0.02972704 0.04162060 -0.06909135 0.99629836
1741766514.644800 3.39690865 -0.96075331 1.12384027 0.02399808 0.04236391 -0.05183239 0.99746819
1741766514.778237 3.51961731 -1.01607059 1.12976242 0.02024691 0.04366261 -0.03512119 0.99822349
1741766514.911681 3.64463514 -1.07466147 1.13457281 0.02018314 0.04321362 -0.02102525 0.99864066
1741766515.045152 3.76879253 -1.13357128 1.13498692 0.01805995 0.03719144 -0.00932869 0.99910140
1741766515.178590 3.88899759 -1.19260581 1.12588856 0.01326987 0.03242684 0.00116755 0.99938533
1741766515.312029 3.93371486 -1.11712298 1.21228121 -0.00411410 0.03166406 -0.00143849 0.99948907
1741766515.445459 4.12633353 -1.29352225 1.10182900 0.00128423 0.02847822 0.01949527 0.99940346
1741766515.578827 4.23475338 -1.34179007 1.08508773 -0.00017738 0.03011180 0.03044014 0.99908290
1741766515.712439 4.34328651 -1.39501997 1.07071825 -0.00028394 0.03255315 0.04249825 0.99856603
1741766515.845738 4.44089034 -1.43779124 1.05344724 0.00270389 0.03307632 0.05089352 0.99815254
1741766515.979143 4.53470991 -1.47355452 1.03673846 0.00175471 0.03186728 0.05447510 0.99800494
1741766516.112547 4.63688261 -1.51040846 1.02316399 -0.00200816 0.03433949 0.05495876 0.99789594
1741766516.245985 4.73695925 -1.54395265 1.00297178 -0.00377332 0.03203890 0.05398288 0.99802060
1741766516.379423 4.84055467 -1.57050367 0.98097527 -0.00490986 0.02904480 0.05408088 0.99810197
1741766516.512850 4.93525658 -1.59141207 0.97053046 -0.00658384 0.02926312 0.05742502 0.99789914
1741766516.646297 5.03141722 -1.60757546 0.96350777 -0.00633271 0.03165419 0.06483507 0.99737371
1741766516.779773 5.12697576 -1.61861834 0.95364055 -0.00371647 0.03606355 0.07556285 0.99648174
1741766516.913147 5.21704687 -1.62594091 0.94720196 -0.00143499 0.03930310 0.08751265 0.99538673
1741766517.046651 5.31240281 -1.62437652 0.93656123 0.00091932 0.03920872 0.10013269 0.99420082
1741766517.180006 5.41259867 -1.62139400 0.92677160 0.00553531 0.04316807 0.11177652 0.99277988
1741766517.313431 5.51148053 -1.62236421 0.92056253 0.01112261 0.04780255 0.12315987 0.99117246
1741766517.446889 5.61113644 -1.61413792 0.92628790 0.01651578 0.05012180 0.13251540 0.98977508
1741766517.580367 5.71691529 -1.62139743 0.92911969 0.02217836 0.05193384 0.14482122 0.98784503
1741766517.713752 5.82285807 -1.62057088 0.93193004 0.02848324 0.05336778 0.16007587 0.98524936
1741766517.847221 5.93721877 -1.63090719 0.93107435 0.03421356 0.05731058 0.18142448 0.98113714
1741766517.980656 6.05941894 -1.64956088 0.93567377 0.03269583 0.05667027 0.20894036 0.97573736
1741766518.114008 6.18932218 -1.66397769 0.93565820 0.02824208 0.04790256 0.24050279 0.96905425
1741766518.247405 6.32037351 -1.68102270 0.93885596 0.01716235 0.04242293 0.27309779 0.96089716
1741766518.380879 6.45158044 -1.70864891 0.93855305 0.00635064 0.04849248 0.30594408 0.95079250
1741766518.514339 6.58359113 -1.73186702 0.94586741 -0.00743121 0.05403411 0.33760473 0.93970641
1741766518.647792 6.72050829 -1.75449924 0.94887884 -0.01751423 0.05616158 0.37106787 0.92674040
1741766518.781405 6.86072499 -1.76581505 0.95186388 -0.03657639 0.05549486 0.40515764 0.91182771
1741766518.914607 6.99748704 -1.75389950 0.95649049 -0.04554588 0.05343521 0.43786670 0.89629404
1741766519.048107 7.12859742 -1.72260432 0.95829733 -0.03991691 0.04656482 0.47012599 0.88046574
1741766519.181526 7.25215708 -1.67706034 0.95770854 -0.03424804 0.03969953 0.50159409 0.86351282
1741766519.314989 7.37680830 -1.62504501 0.95507074 -0.02988842 0.03270751 0.53349329 0.84464301
1741766519.448388 7.49715473 -1.56498850 0.95461758 -0.03058412 0.02883824 0.56375935 0.82486869
1741766519.581776 7.60906505 -1.49995398 0.94938928 -0.03139756 0.02499341 0.59237996 0.80465863
1741766519.715230 7.72197340 -1.42597068 0.95480599 -0.03033558 0.02255140 0.61901148 0.78447178
1741766519.848712 7.82126566 -1.35085621 0.95688445 -0.03252836 0.02046348 0.64266133 0.76518597
1741766519.982112 7.91126078 -1.27016632 0.96294386 -0.03481702 0.02172286 0.66498640 0.74572715
1741766520.115541 7.98991153 -1.18295367 0.96910566 -0.03499869 0.02577640 0.68719011 0.72517613
1741766520.249009 8.04688933 -1.08594624 0.97131704 -0.03404665 0.02772199 0.70938675 0.70345060
1741766520.382454 8.10014124 -0.98482422 0.98033948 -0.03567023 0.02804876 0.73106364 0.68079869
1741766520.515858 8.15115263 -0.88108710 0.99280226 -0.03300334 0.03224606 0.75199642 0.65755027
1741766520.649355 8.19911042 -0.77329306 1.00731584 -0.02438359 0.03613461 0.77386700 0.63184618
1741766520.782761 8.23158943 -0.65488141 1.01737853 -0.01856316 0.04156593 0.79443219 0.60564443
1741766520.916272 8.28016859 -0.53873394 1.03264475 -0.01200717 0.04490376 0.81564660 0.57668024
1741766521.049574 8.32273737 -0.41597699 1.03539453 -0.01026764 0.04335529 0.83644569 0.54623575
1741766521.183020 8.35610126 -0.29820995 1.03943980 -0.01903165 0.03815014 0.85539707 0.51621528
1741766521.316471 8.41215177 -0.18389546 1.02195704 -0.01997943 0.03485906 0.87458182 0.48321042
1741766521.449939 8.45243300 -0.06314415 1.03131007 -0.03698438 0.02659228 0.89304791 0.44764989
1741766521.583317 8.48384392 0.06613445 1.02339965 -0.04497541 0.01991680 0.91194399 0.40735573
1741766521.716839 8.51329776 0.20083977 1.02365791 -0.04482046 0.01436814 0.93047740 0.36331321
1741766521.850119 8.52790624 0.33964575 1.02053304 -0.04129275 0.01298520 0.94667367 0.31927301
1741766521.983769 8.53454183 0.47535087 1.00554346 -0.03930131 0.00832667 0.96021730 0.27634906
1741766522.117063 8.51678077 0.59416415 0.99225279 -0.03503632 -0.00320215 0.97081740 0.23722518
1741766522.250455 8.53138084 0.73106634 1.02099925 -0.03505756 -0.00978918 0.98025419 0.19436273
1741766522.383985 8.50058038 0.82265237 1.01233333 -0.04157833 -0.01608229 0.98620001 0.15944322
1741766522.517465 8.45696208 0.91002767 1.00887839 -0.04580675 -0.01743817 0.99111576 0.12364142
1741766522.650858 8.42182732 1.00810130 1.01214190 -0.05186754 -0.01960526 0.99509620 0.08190815
1741766522.784240 8.37326285 1.09612368 1.01566526 -0.05446306 -0.01717727 0.99765039 0.03784725
1741766522.917661 8.31402501 1.15767293 1.02228484 -0.05285713 -0.01573785 0.99846955 -0.00412360
1741766523.051343 8.23856358 1.21314408 1.02137308 -0.05066653 -0.01412354 0.99760081 -0.04501177
1741766523.184652 8.15886606 1.26489804 1.01973624 -0.04712878 -0.00986182 0.99521445 -0.08502841
1741766523.317997 8.06361844 1.30471465 1.01767202 -0.04713260 -0.00858045 0.99166781 -0.11958200
1741766523.451657 7.96698583 1.33409399 1.01624006 -0.04831215 -0.00633076 0.98720365 -0.15183810
1741766523.584859 7.91779545 1.20151738 1.04916042 -0.05298036 -0.02963789 0.98326841 -0.17174955
1741766523.718308 7.78075261 1.36051091 1.01932157 -0.04714204 -0.00684128 0.97496027 -0.21721719
1741766523.851635 7.67020798 1.37490719 1.01603190 -0.04505386 -0.00584652 0.96663820 -0.25208441
1741766523.985256 7.55265645 1.38577119 1.01610097 -0.04480694 -0.00401040 0.95639859 -0.28857927
1741766524.118519 7.43354744 1.38979223 1.00946198 -0.04679721 0.01690433 0.94575795 -0.32103919
1741766524.252100 7.29939764 1.39794423 0.99948503 -0.04367617 0.02505104 0.93589081 -0.34867354
1741766524.385391 7.16327379 1.41127692 0.98563041 -0.04196866 0.01971689 0.92671328 -0.37289727
1741766524.518866 7.02153304 1.42217674 0.98640319 -0.04647073 0.00868009 0.91700549 -0.39606320
1741766524.652331 6.89435402 1.43228182 0.98786605 -0.04361168 -0.02443047 0.90461228 -0.42329399
1741766524.785754 6.99714145 1.20155973 1.11594995 -0.03992111 -0.06955189 0.89493895 -0.43892268
1741766524.919182 6.65618507 1.40321235 0.99209239 -0.02848519 -0.06464343 0.87052550 -0.48702687
1741766525.052561 6.53643440 1.38260945 1.00204001 0.00082325 0.06739091 -0.85065167 0.52139191
1741766525.185979 6.41759462 1.32786563 0.99078816 0.03755119 0.02820755 -0.83101549 0.55426302
1741766525.319519 6.30600646 1.27020209 0.99114799 0.06590839 -0.00213713 -0.81436403 0.57659582
1741766525.453073 6.19859872 1.20968776 0.99576142 0.06385226 -0.01312646 -0.80393539 0.59113321
1741766525.586388 6.06417485 1.15048503 0.98982434 0.05476674 -0.00891001 -0.79654271 0.60203067
1741766525.719908 5.92125938 1.09074564 0.98656380 0.03880960 0.00745725 -0.79024915 0.61151000
1741766525.853271 5.79944602 1.02776092 0.99170016 0.02528415 0.02475979 -0.78566657 0.61763719
1741766525.986712 5.68224500 0.96218152 0.99729888 0.01873645 0.03842002 -0.78113076 0.62290255
1741766526.120007 5.56735357 0.89222865 1.01079927 0.01901844 0.04275133 -0.77756791 0.62705563
1741766526.253520 5.45921313 0.81164782 1.03508124 0.02192598 0.03711267 -0.77511906 0.63034304
1741766526.387367 5.35348784 0.71246031 1.07115548 -0.00699681 0.06703451 -0.77310127 0.63069157
1741766526.520351 5.28602421 0.60405899 1.11198184 -0.03380294 0.10117252 -0.77066751 0.62824603
1741766526.653901 5.22814260 0.48607666 1.15228314 -0.04348659 0.10258948 -0.77118006 0.62678995
1741766526.787297 5.23182486 0.36235982 1.17637249 -0.05656898 0.08491225 -0.77624994 0.62211405
1741766526.920809 5.26809187 0.23905527 1.20141347 -0.06964125 0.05917441 -0.78533202 0.61229249
1741766527.054104 5.34022813 0.12236576 1.22156495 -0.07442160 0.03373615 -0.79713344 0.59824876
1741766527.187679 5.43897615 0.02037919 1.22383531 -0.06639058 0.01393885 -0.81390662 0.57702167
1741766527.321033 5.54865530 -0.06288709 1.23872377 -0.04752523 -0.00037305 -0.83323476 0.55087299
1741766527.454624 5.67005437 -0.13014541 1.24694284 -0.02636949 -0.00861086 -0.85263993 0.52176207
1741766527.587849 5.79206575 -0.18335715 1.25659526 0.00703335 0.01031812 0.87034011 -0.49229276
1741766527.721271 5.91979484 -0.23169872 1.26556135 -0.00744540 0.01267074 0.88589878 -0.46364573
1741766527.854947 6.04219299 -0.26882792 1.27226117 -0.01950961 0.01473294 0.89839768 -0.43850190
1741766527.988220 6.15867911 -0.30326439 1.27714193 -0.03035337 0.01270851 0.90816288 -0.41732163
1741766528.121588 6.26722377 -0.34078689 1.27406766 -0.03784703 0.01123845 0.91590499 -0.39944880
1741766528.255211 6.36075312 -0.37671423 1.27019088 -0.04287755 0.00991543 0.92226209 -0.38405187
1741766528.389068 6.44559724 -0.40868431 1.25771445 -0.04370106 0.01454769 0.93305364 -0.35677653
1741766528.522065 6.51119536 -0.43189242 1.23822485 -0.03812267 0.02120573 0.94329536 -0.32907573
1741766528.655532 6.57673114 -0.46129330 1.21781731 -0.02659797 0.00857913 0.95287666 -0.30206789
1741766528.788744 6.64066386 -0.49265725 1.19697694 -0.01793122 -0.00649270 0.96006165 -0.27913787
1741766528.922390 6.69780322 -0.52825880 1.17154373 -0.01677839 -0.01766721 0.96513896 -0.26060150
1741766529.055816 6.77710885 -0.54603981 1.21284985 -0.02186574 -0.02557444 0.96885416 -0.24533537
1741766529.189039 6.81438466 -0.61802136 1.14052216 -0.02787472 0.00710679 0.97254095 -0.23094718
1741766529.322518 6.85836516 -0.64040156 1.11624578 -0.03621185 0.02643460 0.97532339 -0.21618096
1741766529.456041 6.89390491 -0.67180847 1.10253972 -0.03480494 0.01954418 0.97924189 -0.19872585
1741766529.589629 6.92350318 -0.70683467 1.08921547 -0.03663725 0.01066910 0.98306805 -0.17922355
1741766529.722910 6.93936782 -0.73623963 1.07110790 -0.04282256 0.00446700 0.98616473 -0.16007934
1741766529.856369 6.94543787 -0.75986685 1.05007698 -0.04668325 0.00199042 0.98890065 -0.14103975
1741766529.989649 6.93391215 -0.79173212 1.03821757 -0.05895600 -0.00440292 0.99057018 -0.12359418
1741766530.123211 6.90320367 -0.83115361 1.03622597 -0.11600528 -0.00355820 0.98723758 -0.10905079
1741766530.256538 6.83909850 -0.86796950 1.03393240 -0.13536688 0.00613966 0.98611784 -0.09596728
1741766530.390026 6.73896043 -0.89941021 1.03390266 -0.12771143 0.01527802 0.98811711 -0.08414844
1741766530.523290 6.60617344 -0.89528229 1.04482537 -0.11420695 0.03928373 0.99006607 -0.07199121
1741766530.656736 6.43367822 -0.93018609 1.01869896 -0.10863653 0.04486065 0.99153304 -0.05520744
1741766530.790372 6.24347120 -0.99865379 1.00839158 -0.09578945 0.03317480 0.99406284 -0.03953333
1741766530.923612 6.03169314 -1.01667326 0.99827243 -0.07373859 0.02703909 0.99642418 -0.03115048
1741766531.057144 5.80479073 -1.02816520 0.98421540 -0.02773371 0.02160076 0.99898001 -0.02834071
1741766531.190479 5.57673710 -1.03459198 0.99407895 -0.03082225 0.00924268 0.99890041 -0.03409597
1741766531.323907 5.34496572 -1.07186941 1.01827583 -0.00901973 0.00293689 0.99908891 -0.04160983
1741766531.457385 5.13113995 -1.04788908 1.03174000 0.01337359 -0.00135375 0.99832656 -0.05624401
1741766531.590846 4.92562517 -1.05221687 1.05813055 0.02577246 -0.00379891 0.99716584 -0.07058064
1741766531.724228 4.74414419 -1.05615846 1.09450271 0.01893345 -0.00066878 0.99635743 -0.08314418
1741766531.857724 4.57970009 -1.06993587 1.13604305 0.01470768 0.00777577 0.99563321 -0.09185714
1741766531.991143 4.42990165 -1.08072478 1.17737030 0.00903533 0.01120264 0.99514095 -0.09740305
1741766532.124583 4.29564248 -1.08325303 1.21544000 0.00603313 0.01412650 0.99468879 -0.10177554
1741766532.258026 4.17170489 -1.08547790 1.24994184 -0.00184108 0.01443348 0.99448040 -0.10390874
1741766532.391509 4.05039467 -1.08352773 1.28409037 -0.00314860 0.01692487 0.99427257 -0.10547836
1741766532.524847 3.93712921 -1.08819450 1.30250604 -0.00476049 0.01853652 0.99428862 -0.10499463
1741766532.658503 3.83398980 -1.07757141 1.32679205 -0.00445729 0.01914266 0.99457164 -0.10218092
1741766532.791957 3.74191964 -1.06010468 1.32533882 -0.00296618 0.01614292 0.99530928 -0.09534172
1741766532.925232 3.65011253 -1.05137030 1.33309147 -0.00167593 0.01563228 0.99642886 -0.08295996
1741766533.059106 3.56733156 -1.03224480 1.32382251 -0.00279895 0.01069247 0.99762542 -0.06798060
1741766533.192238 3.47331272 -1.03957477 1.34207371 -0.00533395 0.00650028 0.99877686 -0.04872459
1741766533.325678 3.42254224 -0.98986744 1.30892487 -0.00606284 0.00143187 0.99949055 -0.03130241
1741766533.458922 3.37013458 -0.97939895 1.26708885 -0.00823985 -0.00089509 0.99993309 -0.00807003
1741766533.592427 3.31279784 -0.95305781 1.24480099 -0.00988913 -0.00422906 0.99982927 0.01502508
1741766533.725778 3.26332693 -0.95746030 1.20168671 -0.01395198 -0.00532441 0.99891635 0.04408093
1741766533.859378 3.21216024 -0.93796394 1.17875990 -0.02005685 -0.00451647 0.99701673 0.07439740
1741766533.992822 3.16596433 -0.95837020 1.13575347 -0.02324172 -0.00257121 0.99314998 0.11448284
1741766534.126114 3.10733855 -0.97912040 1.10932915 -0.03248345 -0.00019866 0.98664695 0.15960133
1741766534.259532 3.05606030 -0.96908201 1.08757545 -0.05793249 0.00259344 0.97726143 0.20395390
1741766534.392955 2.97589089 -1.00926702 1.08630007 -0.06490874 0.01073402 0.96523694 0.25296105
1741766534.526473 2.91772395 -0.97068182 1.05322507 -0.04513742 0.01745653 0.95473554 0.29349265
1741766534.659822 2.80870206 -0.89554597 1.01613632 -0.03477236 0.03145923 0.94362370 0.32768204
1741766534.793296 2.76996036 -0.92282524 1.00366172 -0.02821050 0.03396271 0.92965346 0.36578019
1741766534.927052 2.65113134 -0.95424554 1.04397927 -0.02909635 0.03942680 0.91388291 0.40300986
1741766535.060099 2.61290307 -0.88760697 1.00824175 -0.02295068 0.03745264 0.90002572 0.43361766
1741766535.193497 2.47755263 -0.87233353 0.96596403 -0.00599406 0.03109887 0.88086744 0.47230232
1741766535.327036 2.51024717 -0.78235260 1.03114380 -0.00463022 0.02315461 0.86373581 0.50339138
1741766535.460535 2.32313274 -0.81057142 0.97382119 0.01254555 0.00415335 0.83420791 0.55129169
1741766535.594027 2.28677976 -0.77634054 0.97136669 0.01959409 -0.01036816 0.80836748 0.58826065
1741766535.727443 2.20123796 -0.73600233 0.92137042 0.02884210 -0.01421124 0.77750154 0.62805853
1741766535.860806 2.24576673 -0.61810356 0.96989771 0.01547666 -0.00468887 0.75707927 0.65312286
1741766535.994226 2.15608522 -0.58554637 1.00302814 0.00946504 0.00110228 0.72399192 0.68974264
1741766536.127551 2.13826681 -0.55812425 1.01278342 0.01123186 0.00758474 0.69377927 0.72006017
1741766536.261057 1.97671869 -0.55814996 0.93481885 0.01053339 0.01267062 0.65170164 0.75829643
1741766536.394474 2.24814794 -0.50939199 1.07049020 -0.00649356 0.02435366 0.63832717 0.76935242
1741766536.527914 2.08277748 -0.46746176 1.06491187 -0.00662628 0.02962082 0.58887473 0.80765416
1741766536.661486 2.09979654 -0.43872385 1.05495227 -0.00353526 0.02806890 0.55390740 0.83209749
1741766536.762488 2.16077442 -0.42306115 1.11064703 -0.00447288 0.03684576 0.52129274 0.85257038
1741766536.928371 2.22518621 -0.39851064 1.11089406 -0.00128662 0.03477661 0.49036736 0.87082076
1741766537.061618 2.24563778 -0.35688473 1.11932545 0.00336212 0.03486909 0.45377200 0.89042901
1741766537.195284 2.29054423 -0.33068318 1.14735660 0.00452364 0.04303103 0.41716996 0.90779793
1741766537.328535 2.35418239 -0.23167416 1.14830927 0.01503075 0.03960140 0.37849291 0.92463448
1741766537.461944 2.36776665 -0.23125076 1.19466316 0.01730852 0.04038499 0.33999082 0.93940178
1741766537.562258 2.48012812 -0.13602513 1.21886919 0.01582207 0.04243467 0.30433516 0.95148782
1741766537.698525 2.49578500 -0.16418946 1.23923904 0.02715469 0.03824676 0.27185328 0.96119488
1741766537.829138 2.57660985 -0.15002123 1.20339034 0.02652916 0.03067967 0.24433810 0.96884150
1741766537.962501 2.66490406 -0.14099765 1.24868294 0.02046858 0.02521577 0.22480954 0.97386132
1741766538.095705 2.74932385 -0.12580774 1.25647813 0.02026718 0.01747417 0.20939397 0.97746512
1741766538.229154 2.83952982 -0.11635624 1.26132266 0.01255375 0.00950258 0.19747529 0.98018142
1741766538.362549 2.92716575 -0.10803073 1.26902623 -0.00363869 0.00467459 0.18715699 0.98231215
1741766538.495919 3.02078758 -0.09851617 1.27835808 -0.02199851 0.00889604 0.17786172 0.98376935
1741766538.629433 3.10164986 -0.08108091 1.28978078 -0.02686729 0.01283043 0.16766491 0.98539434
1741766538.762774 3.18112119 -0.05170279 1.30308231 -0.02932903 0.02049886 0.15348876 0.98750231
1741766538.896332 3.25195675 -0.01585130 1.31474289 -0.02723212 0.02450969 0.13680741 0.98991991
1741766539.029752 3.33446340 0.03264422 1.31943501 -0.01555466 0.02330255 0.12128037 0.99222282
1741766539.163141 3.40805232 0.09408755 1.32344690 -0.00681934 0.02659597 0.10544185 0.99404636
1741766539.296660 3.49356722 0.15220572 1.32096708 -0.00667785 0.03158306 0.09088899 0.99533769
1741766539.429980 3.58165418 0.21064942 1.31531614 -0.00091542 0.02554879 0.07707599 0.99669740
1741766539.563410 3.67097934 0.27378387 1.30984754 0.00025624 0.00186998 0.06307803 0.99800681
1741766539.696851 3.75739669 0.33089354 1.29864859 0.00012735 -0.02510975 0.05099089 0.99838340
1741766539.830497 3.82603557 0.39412697 1.29300390 0.00479167 -0.04422896 0.04010929 0.99820443
1741766539.963718 3.87857039 0.46088418 1.28666264 0.00444309 -0.04646226 0.02856755 0.99850158
1741766540.097296 3.91080345 0.52924008 1.27798777 0.00479608 -0.04275481 0.01551770 0.99895357
1741766540.230709 3.92391156 0.58232066 1.27953271 0.01125781 -0.02965639 0.00345810 0.99949077
1741766540.364027 3.93713547 0.65322427 1.29446162 0.01514751 -0.01019054 -0.00966803 0.99978659
1741766540.497459 3.94220265 0.70973500 1.32245566 0.01450976 0.00651333 -0.02088939 0.99965528
1741766540.631135 3.94009103 0.75892736 1.30926261 0.01842943 0.01092956 -0.03589105 0.99912598
1741766540.764428 3.93232575 0.78159614 1.29312549 0.01965042 0.01064465 -0.05868618 0.99802629
1741766540.898008 3.93919442 0.84744499 1.28017829 0.01464199 0.01075118 -0.09007368 0.99576943
1741766541.031341 3.94108458 0.87560814 1.30083228 0.01328973 0.01412300 -0.12290919 0.99222843
1741766541.164599 3.94838526 0.90804606 1.28377062 0.01760091 0.02267944 -0.15568478 0.98738954
1741766541.298088 3.95083925 0.92453420 1.28015556 0.01441569 0.03426830 -0.18595223 0.98185520
1741766541.431498 3.97968117 0.97318456 1.26078107 0.01055459 0.03953589 -0.21730146 0.97524642
1741766541.564917 3.98870983 0.94208803 1.28647760 0.00855814 0.04590004 -0.23970004 0.96972359
1741766541.698327 4.03292877 0.93455569 1.26877845 0.01692123 0.04966013 -0.26139895 0.96380399
1741766541.831835 4.08770111 0.93389458 1.25566097 0.02066499 0.05818324 -0.28227551 0.95734435
1741766541.965266 4.15225540 0.92688208 1.24650423 0.02447334 0.06370846 -0.30367127 0.95032944
1741766542.098643 4.22838323 0.91100971 1.23658513 0.02149792 0.05754759 -0.32638371 0.94323899
1741766542.232109 4.32170385 0.88952225 1.22620866 0.02510667 0.04842203 -0.34908222 0.93550338
1741766542.365509 4.42468116 0.86011289 1.21703261 0.05109556 0.06189788 -0.37115331 0.92509627
1741766542.499011 4.53356743 0.81003734 1.21330841 0.08259310 0.06748374 -0.39214350 0.91370006
1741766542.632417 4.64980648 0.73790644 1.21738165 0.06668259 0.03226705 -0.41107462 0.90858678
1741766542.765823 4.76603161 0.65359748 1.22037368 0.04812929 0.00949294 -0.42454522 0.90407677
1741766542.899259 4.88285768 0.56289000 1.22762338 0.04411570 0.00257213 -0.42926446 0.90209712
1741766543.032681 4.98596001 0.47061194 1.23301414 0.03890802 -0.00176587 -0.42500486 0.90435276
1741766543.166101 5.07963894 0.37126445 1.24202645 0.03630436 -0.00458051 -0.41233114 0.91029888
1741766543.299583 5.12865962 0.24065124 1.24620658 0.03829357 -0.00514301 -0.38795971 0.92086612
1741766543.432965 5.18715303 0.13003016 1.25424286 0.03422749 0.00283614 -0.36058166 0.93209511
1741766543.566507 5.26545948 0.02184583 1.25944587 0.02662217 0.00656117 -0.32948948 0.94376103
1741766543.699848 5.35443646 -0.05496549 1.29876118 0.01986876 0.01438147 -0.29892956 0.95395992
1741766543.833302 5.43159083 -0.15382912 1.30449465 0.01431972 0.01475974 -0.26529490 0.96394798
1741766543.966712 5.50173159 -0.27369086 1.31229158 0.01073578 0.01757479 -0.22513457 0.97411000
1741766544.100164 5.56690714 -0.38611603 1.31872923 0.00613735 0.02107822 -0.18404806 0.98267205
1741766544.233614 5.64343492 -0.49451403 1.31911790 0.00200046 0.01885565 -0.14316410 0.98951731
1741766544.367033 5.71851480 -0.60177710 1.32221959 0.00141673 0.01737183 -0.10049330 0.99478506
1741766544.500461 5.79866233 -0.70586301 1.32411542 0.00338648 0.01567398 -0.05955445 0.99809625
1741766544.633958 5.86823361 -0.80141222 1.32974439 0.00374777 0.01640022 -0.01785147 0.99969911
1741766544.767437 5.93509866 -0.90912311 1.29803389 0.01081676 0.01762092 0.02591528 0.99945030
1741766544.900813 6.03585320 -0.98264618 1.31593896 0.03106075 0.02280620 0.06366738 0.99722694
1741766545.034212 6.12644139 -1.06934070 1.31318022 0.03526754 0.02587796 0.09999842 0.99402558
1741766545.167637 6.22474497 -1.15608677 1.30654095 0.02383479 0.02843338 0.13731649 0.98983212
1741766545.301058 6.32323106 -1.25376423 1.30316640 0.01605273 0.03053101 0.17645315 0.98370445
1741766545.434499 6.42414008 -1.34357174 1.30373832 0.01084765 0.03743454 0.21852920 0.97505178
1741766545.567944 6.53233212 -1.43645836 1.30667680 0.00064390 0.04416993 0.26196751 0.96406516
1741766545.701375 6.64612196 -1.51193965 1.30038262 -0.00835175 0.04711353 0.30170240 0.95220073
1741766545.834847 6.77059782 -1.58616237 1.29718929 -0.01243701 0.04554385 0.34238346 0.93837340
1741766545.968376 6.90018681 -1.65175242 1.30347619 -0.02365950 0.04761880 0.38278513 0.92230593
1741766546.101679 7.03517817 -1.70002615 1.30584151 -0.03976691 0.04916695 0.42112090 0.90479743
1741766546.235142 7.16748340 -1.72277639 1.30324134 -0.05233398 0.04643385 0.45632216 0.88705983
1741766546.368652 7.29590621 -1.72264436 1.30461382 -0.05524347 0.04204193 0.48864405 0.86971698
1741766546.501999 7.42354669 -1.70651207 1.30451745 -0.06387795 0.04415942 0.51820540 0.85172338
1741766546.635415 7.54910872 -1.67161070 1.30829267 -0.06936461 0.03931937 0.54413645 0.83519941
1741766546.768820 7.66038111 -1.61108451 1.31128770 -0.05707916 0.02443389 0.56536349 0.82250172
1741766546.902376 7.75479373 -1.53203794 1.31043144 -0.04375253 0.01874939 0.58281249 0.81121130
1741766547.035768 7.84055204 -1.43984038 1.31269643 -0.04267657 0.01518367 0.60290164 0.79652858
1741766547.169158 7.91839407 -1.34053405 1.31368605 -0.03485534 0.01651322 0.62726234 0.77785241
1741766547.302662 7.99388087 -1.23918448 1.31946417 -0.03029693 0.01319822 0.65087638 0.75846413
1741766547.436002 8.05342779 -1.13437521 1.31723724 -0.02922084 0.01277051 0.67124785 0.74054668
1741766547.569579 8.10255411 -1.01814933 1.31271067 -0.03191199 0.01839983 0.68851771 0.72428339
1741766547.702905 8.14937201 -0.90306210 1.30066770 -0.03189537 0.02391938 0.70537727 0.70771001
1741766547.836279 8.18966039 -0.79032686 1.31181718 -0.02741588 0.02015375 0.72274465 0.69027702
1741766547.969792 8.22306724 -0.67422286 1.30434363 -0.02325988 0.01397120 0.73915064 0.67299340
1741766548.103268 8.25258494 -0.55009410 1.29190070 -0.01204223 0.00930952 0.75561550 0.65483856
1741766548.236643 8.26856896 -0.43048718 1.27823115 -0.00094596 0.00988116 0.77191674 0.63564614
1741766548.370101 8.28399665 -0.31104419 1.26555247 0.00235317 0.01400210 0.79006572 0.61285770
1741766548.503444 8.29875590 -0.20086041 1.25927283 0.00013982 0.01825852 0.81012636 0.58597090
1741766548.636964 8.32613540 -0.09086676 1.25134723 0.00450698 0.01913203 0.83153809 0.55511986
1741766548.770392 8.35125175 0.01024362 1.23343972 0.00842099 0.02138818 0.85291390 0.52154531
1741766548.903811 8.38089053 0.10860883 1.22878595 0.00193740 0.02815816 0.87278906 0.48728084
1741766549.037314 8.41391970 0.20494597 1.22350027 -0.00421369 0.02966318 0.89228049 0.45048625
1741766549.170797 8.46154250 0.32007775 1.23363062 -0.00898606 0.02870048 0.91222622 0.40858151
1741766549.304149 8.49775588 0.42457601 1.23020674 -0.01485178 0.02583393 0.93010688 0.36607818
1741766549.437617 8.30699119 0.41693763 1.27625763 -0.02034998 0.02008883 0.93362942 0.35709721
1741766549.571217 8.55094483 0.60903445 1.22812278 -0.01817386 0.01195175 0.95860701 0.28390044
1741766549.704546 8.58699234 0.70174451 1.23955350 -0.03010788 0.00922727 0.97014036 0.24049127
1741766549.837902 8.62462539 0.77874536 1.23386417 -0.03866135 0.00376159 0.98003557 0.19499083
1741766549.971416 8.63909217 0.86381567 1.23069167 -0.04033553 0.00640887 0.98746024 0.15249340
1741766550.104694 8.64566457 0.93057777 1.20781258 -0.04558558 0.00375575 0.99217606 0.11616589
1741766550.238178 8.66181954 1.01978011 1.20887384 -0.05645058 0.00047264 0.99517946 0.08019317
1741766550.371671 8.64577264 1.07764715 1.19262888 -0.06805018 -0.00455658 0.99627557 0.05275796
1741766550.505023 8.62422489 1.13946871 1.18237832 -0.07296594 -0.00522322 0.99697526 0.02624936
1741766550.638407 8.58358084 1.19060741 1.17598336 -0.07560470 -0.00643452 0.99711487 0.00211100
1741766550.771860 8.52413371 1.23496684 1.17616538 -0.07373570 -0.00969366 0.99703392 -0.01981009
1741766550.905361 8.44682721 1.26771872 1.18149818 -0.06532572 -0.01483870 0.99700074 -0.03875415
1741766551.038878 8.35541245 1.29051075 1.19180611 -0.05337013 -0.01705608 0.99689810 -0.05527114
1741766551.172277 8.25418126 1.30330939 1.21265592 -0.04944535 -0.01036405 0.99647614 -0.06695558
1741766551.305659 8.14102058 1.31020380 1.23415935 -0.04536193 -0.01005194 0.99613056 -0.07459995
1741766551.439106 8.02425327 1.31133972 1.25531066 -0.04268454 -0.01085748 0.99578363 -0.08046803
1741766551.572468 7.89634871 1.26330240 1.25589911 -0.03651077 -0.01643673 0.99576934 -0.08270558
1741766551.705930 7.77561031 1.28404035 1.31318421 -0.04081952 -0.01611185 0.99453822 -0.09469901
1741766551.839262 7.64177849 1.26238781 1.33266796 -0.03944628 -0.02536719 0.99366353 -0.10214344
1741766551.972773 7.50661678 1.23051058 1.36067839 -0.03599718 -0.02969929 0.99286520 -0.10973077
1741766552.106418 7.37424630 1.18599636 1.38305746 -0.02508426 -0.03113980 0.99265384 -0.11419041
1741766552.239834 7.24545639 1.14031222 1.40123950 -0.02614012 -0.00486144 0.99317735 -0.11354209
1741766552.373023 7.11701612 1.08772341 1.42034834 -0.03930262 0.01789182 0.99347122 -0.10559413
1741766552.506481 6.98498359 1.03190003 1.43244561 -0.04108824 0.02621606 0.99453608 -0.09231714
1741766552.639937 6.84561021 0.98303731 1.44246652 -0.03807347 0.01865442 0.99616709 -0.07650847
1741766552.773400 6.70263684 0.93591961 1.44279742 -0.03042306 0.01267451 0.99765319 -0.06001590
1741766552.906906 6.55213979 0.89055909 1.44165696 -0.02820422 0.00687354 0.99841207 -0.04827644
1741766553.040284 6.39532263 0.86761073 1.44514263 -0.03419039 0.00580968 0.99843885 -0.04378497
1741766553.173709 6.26240056 0.80123862 1.41851227 -0.03352478 0.01125974 0.99854769 -0.04064259
1741766553.307182 6.11341937 0.76509787 1.40266743 -0.02865811 0.01886950 0.99850248 -0.04260816
1741766553.440552 5.96305836 0.72527390 1.38526374 -0.02815061 0.02742352 0.99818898 -0.04554394
1741766553.574014 5.81230858 0.69531267 1.36953212 -0.02644924 0.02980920 0.99805995 -0.04783507
1741766553.707531 5.65873750 0.67300606 1.33567931 -0.01625476 0.02903101 0.99822412 -0.04941250
1741766553.840917 5.51277910 0.65480444 1.31515950 -0.00953304 0.03423824 0.99803304 -0.05164212
1741766553.974441 5.36608907 0.65010805 1.29539533 -0.01037874 0.03506850 0.99760851 -0.05864941
1741766554.107755 5.22780631 0.65153075 1.28474915 -0.00937496 0.02828759 0.99701487 -0.07122692
1741766554.241203 5.08728660 0.66476718 1.26491893 -0.01132417 0.03009716 0.99536660 -0.09061595
1741766554.374630 4.95655814 0.67774064 1.24694904 -0.02274278 0.03954507 0.99235701 -0.11465825
1741766554.508117 4.82462482 0.69802204 1.23719597 -0.03658579 0.04294002 0.98873221 -0.13865877
1741766554.641464 4.68927739 0.73777855 1.22381720 -0.04036516 0.04416211 0.98507762 -0.16137673
1741766554.775098 4.54653489 0.78792095 1.19955316 -0.02699080 0.04122920 0.98220226 -0.18124671
1741766554.908505 4.40908327 0.84560201 1.18739332 -0.01693129 0.02969251 0.97911714 -0.20040287
1741766555.042000 4.26715826 0.90498218 1.17661139 -0.01802834 0.01513189 0.97565272 -0.21805451
1741766555.175262 4.13219814 0.96888824 1.16833500 -0.01918605 0.00024119 0.97201662 -0.23412717
1741766555.308702 4.00461968 1.02684292 1.16099910 -0.02247954 -0.01086274 0.96845375 -0.24793952
1741766555.442089 3.87900457 1.07871261 1.15429458 -0.02552329 -0.01893634 0.96505626 -0.26010841
1741766555.575529 3.75597499 1.11778814 1.15072343 -0.03068812 -0.02506715 0.96218889 -0.26948547
1741766555.709057 3.63646656 1.14477303 1.14742003 -0.03776465 -0.02591032 0.96021729 -0.27547275
1741766555.842407 3.51535889 1.15960301 1.14490377 -0.03907550 -0.02654121 0.95973212 -0.27691682
1741766555.975940 3.39593284 1.16106896 1.14642997 -0.03178515 -0.02305505 0.96063479 -0.27502540
1741766556.109408 3.27229056 1.15707173 1.14433932 -0.02738890 -0.01338896 0.96157893 -0.27283062
1741766556.242684 3.15528541 1.14016075 1.15216468 -0.02826384 -0.00873846 0.96148117 -0.27327415
1741766556.376109 3.03619847 1.11635107 1.15496621 -0.02578668 -0.00926298 0.95965345 -0.27984726
1741766556.509536 2.91808845 1.08651995 1.16918751 -0.02392741 -0.01202813 0.95633667 -0.29103777
1741766556.643064 2.79841896 1.04710108 1.17563851 -0.02117910 -0.01000852 0.95150772 -0.30673171
1741766556.776450 2.68401124 1.00212232 1.19088292 -0.02082531 -0.00938716 0.94534323 -0.32527583
1741766556.909916 2.57241932 0.95489279 1.18888430 -0.02216759 -0.00755792 0.93841415 -0.34471780
1741766557.043321 2.46075012 0.90493429 1.19619317 -0.02308904 -0.00753821 0.93130375 -0.36343280
1741766557.176871 2.35212726 0.85091475 1.21121003 -0.02162567 -0.00872429 0.92439447 -0.38072441
1741766557.310165 2.24915277 0.79019936 1.22274358 -0.01802826 -0.00934616 0.91828649 -0.39539544
1741766557.443606 2.14331298 0.72842034 1.21322514 -0.01891024 -0.00727568 0.91194699 -0.40980746
1741766557.577051 2.05240250 0.65610407 1.23883880 -0.02384171 -0.01157054 0.90526212 -0.42402616
1741766557.710506 1.95538818 0.58360283 1.23535203 -0.02696057 -0.01419684 0.89747940 -0.44000263
1741766557.843989 1.87455885 0.48344801 1.23262474 -0.02097109 -0.01142697 0.89346374 -0.44849993
1741766557.977429 1.77522893 0.42850284 1.22578728 0.00802595 0.01132173 0.89272636 -0.45038544
1741766558.110914 1.69770682 0.35851922 1.22916301 0.02245950 0.01643435 0.89456879 -0.44606295
1741766558.244381 1.68942526 0.27977152 1.28287145 0.01770406 0.01296201 0.89891450 -0.43757432
1741766558.377663 1.58069332 0.25394149 1.23933035 0.02424970 0.01766110 0.89640173 -0.44222615
1741766558.511163 1.53161762 0.21878941 1.24209712 0.02394731 0.01534326 0.89605311 -0.44303492
1741766558.644831 1.48857942 0.19377208 1.23536806 0.02161622 0.01169081 0.89530826 -0.44476868
1741766558.777986 1.46886727 0.17545656 1.24110514 0.01923913 0.01201790 0.89452910 -0.44643378
1741766558.911374 1.45666647 0.16462595 1.23139359 0.01681375 0.01248929 0.89403967 -0.44749792
1741766559.044799 1.44113313 0.16199148 1.19541217 0.00500120 0.01152066 0.89341692 -0.44905285
1741766559.178325 1.44249797 0.15819654 1.16781199 -0.00535301 0.00735365 0.89378463 -0.44840418
1741766559.311761 1.44337378 0.15877374 1.13711882 -0.01459819 0.00521266 0.89398428 -0.44783014
1741766559.445219 1.44677817 0.16061940 1.11084879 -0.01085340 0.00520091 0.89438812 -0.44712978
1741766559.578567 1.45120136 0.16133893 1.06795331 -0.00313468 0.00612968 0.89496512 -0.44608299
1741766559.712078 1.45457746 0.16283568 1.00128125 -0.00675080 0.00505131 0.89527503 -0.44543409
1741766559.845480 1.45653304 0.16546003 0.91136673 -0.01303358 0.00380682 0.89509734 -0.44566398
1741766559.979185 1.46087454 0.16811199 0.81970270 -0.01704627 0.00747623 0.89433438 -0.44701180
1741766560.112319 1.46228568 0.17058224 0.73076169 -0.01826453 0.00921599 0.89324118 -0.44911208
1741766560.245743 1.46743269 0.16933493 0.63936546 -0.01998078 0.00546177 0.89263857 -0.45029692
1741766560.379248 1.47117583 0.17218215 0.55264295 -0.01795296 0.00548810 0.89202510 -0.45159584
1741766560.512606 1.47526896 0.17410008 0.48201300 -0.01699966 0.00820202 0.89121035 -0.45319736
1741766560.646025 1.47630741 0.17687466 0.41618854 -0.01050957 0.00883928 0.89065229 -0.45447763
1741766560.779475 1.48384489 0.17846427 0.34707329 -0.01234267 0.00592608 0.89060472 -0.45457207
1741766560.913077 1.48668167 0.17945844 0.27892221 -0.01504695 0.00336858 0.89095175 -0.45383611
1741766561.046335 1.48908854 0.18106396 0.20305932 -0.01477511 0.00027662 0.89178890 -0.45221033
1741766561.179828 1.48819009 0.18092345 0.12563541 -0.01638672 0.00172991 0.89261819 -0.45051221
1741766561.313122 1.48812650 0.18390701 0.07063726 -0.00471022 0.00253447 0.89320662 -0.44961465
1741766561.446598 1.50965394 0.19047773 0.06541525 -0.01611099 0.00259151 0.89216853 -0.45140783
1741766561.580116 1.52300706 0.19123567 0.06065595 -0.00224063 -0.00334712 0.89509253 -0.44586223
1741766561.713718 1.51624642 0.19899207 0.06292595 -0.00775217 0.00192476 0.89653491 -0.44290107
1741766561.846886 1.52620441 0.19338824 0.05963210 -0.00581831 -0.00114515 0.89721199 -0.44156028
1741766561.980267 1.52972029 0.19450084 0.05796743 -0.00472955 -0.00092914 0.89733070 -0.44133252
1741766562.113781 1.53106072 0.19449904 0.05978766 -0.00474658 -0.00114161 0.89749109 -0.44100557
1741766562.247175 1.53165974 0.19467225 0.06026129 -0.00476899 -0.00110531 0.89752113 -0.44094428
1741766562.380684 1.53106002 0.19464766 0.06027619 -0.00462547 -0.00118174 0.89752914 -0.44092931
1741766562.514045 1.53074484 0.19450283 0.05994746 -0.00463824 -0.00126153 0.89750287 -0.44098241
1741766562.647435 1.53067454 0.19470258 0.05892880 -0.00450652 -0.00134336 0.89740434 -0.44118402
1741766562.780938 1.53105356 0.19476880 0.05922536 -0.00438550 -0.00157663 0.89743246 -0.44112726
1741766562.914552 1.53148301 0.19444764 0.05807025 -0.00459886 -0.00124063 0.89741498 -0.44116173
1741766563.047844 1.53072755 0.19458085 0.05920130 -0.00448599 -0.00153963 0.89740079 -0.44119081
1741766563.181223 1.53072936 0.19452786 0.05918873 -0.00442472 -0.00157768 0.89740267 -0.44118746
1741766563.314901 1.53069942 0.19449594 0.05918782 -0.00444293 -0.00157469 0.89738183 -0.44122969
1741766563.448104 1.53068427 0.19449718 0.05921556 -0.00449390 -0.00153903 0.89737614 -0.44124086
1741766563.581523 1.53067311 0.19448728 0.05918682 -0.00444760 -0.00154374 0.89736582 -0.44126231
1741766563.714949 1.53065186 0.19448310 0.05915168 -0.00440532 -0.00150888 0.89736680 -0.44126086
1741766563.848417 1.53146492 0.19455422 0.05897480 -0.00444029 -0.00156523 0.89739218 -0.44120870
1741766563.981893 1.53135706 0.19429491 0.05847375 -0.00447936 -0.00144328 0.89737867 -0.44123618
1741766564.115298 1.53088741 0.19440881 0.05887467 -0.00442121 -0.00157434 0.89737053 -0.44125288
1741766564.248632 1.53088304 0.19441193 0.05887156 -0.00442263 -0.00158879 0.89736927 -0.44125537
1741766564.382314 1.53084322 0.19436355 0.05885219 -0.00439546 -0.00158599 0.89737223 -0.44124964
1741766564.515550 1.53086481 0.19436010 0.05884400 -0.00437674 -0.00159352 0.89736427 -0.44126599
1741766564.649016 1.53085797 0.19436287 0.05884592 -0.00437695 -0.00159471 0.89736030 -0.44127406
1741766564.782468 1.53087338 0.19435339 0.05883121 -0.00434826 -0.00160700 0.89735809 -0.44127880
1741766564.915840 1.53086312 0.19436075 0.05882229 -0.00436051 -0.00159640 0.89736795 -0.44125866
1741766565.049210 1.53088774 0.19435109 0.05880502 -0.00435095 -0.00159521 0.89736815 -0.44125834
1741766565.183214 1.53093063 0.19436519 0.05881105 -0.00434133 -0.00159646 0.89736938 -0.44125593
1741766565.316230 1.53089130 0.19435615 0.05879026 -0.00434115 -0.00158864 0.89736661 -0.44126160
1741766565.449668 1.53094609 0.19438168 0.05884074 -0.00436978 -0.00161880 0.89737103 -0.44125222
1741766565.583128 1.53097797 0.19440243 0.05879089 -0.00432688 -0.00160319 0.89737239 -0.44124993
1741766565.716427 1.52953360 0.19423689 0.05883723 -0.00500089 -0.00109445 0.89722436 -0.44154528
1741766565.849924 1.53037875 0.19435995 0.05881427 -0.00435857 -0.00156229 0.89733176 -0.44133239
1741766565.983268 1.53099618 0.19470524 0.05832707 -0.00424372 -0.00165445 0.89735862 -0.44127855
1741766566.116791 1.53122468 0.19468969 0.05841004 -0.00430649 -0.00162652 0.89738581 -0.44122275
1741766566.250289 1.53125831 0.19471612 0.05841397 -0.00431292 -0.00164667 0.89738496 -0.44122435
1741766566.383678 1.53126726 0.19473377 0.05842845 -0.00437433 -0.00162875 0.89738885 -0.44121589
1741766566.517166 1.53144927 0.19477462 0.05836932 -0.00431871 -0.00166021 0.89740457 -0.44118435
1741766566.650501 1.53128957 0.19478192 0.05841260 -0.00446142 -0.00156815 0.89737932 -0.44123463
1741766566.783926 1.53129731 0.19465316 0.05799635 -0.00425851 -0.00159644 0.89737881 -0.44123755
1741766566.917394 1.53214432 0.19490999 0.05825737 -0.00394024 -0.00193647 0.89747142 -0.44105076
1741766567.050855 1.53331329 0.19583781 0.05830311 -0.00399695 -0.00200870 0.89736409 -0.44126826
1741766567.184244 1.53127350 0.19437319 0.05824494 -0.00434303 -0.00161215 0.89744444 -0.44110318
1741766567.317767 1.52988326 0.19435147 0.05686321 -0.00427028 -0.00147331 0.89731752 -0.44136251
1741766567.451241 1.53001127 0.19446783 0.05686930 -0.00427833 -0.00150950 0.89728165 -0.44143522
1741766567.584587 1.52992430 0.19448366 0.05691247 -0.00431202 -0.00146184 0.89725678 -0.44148561
1741766567.717980 1.52959094 0.19428016 0.05691637 -0.00444317 -0.00154396 0.89724095 -0.44151620
1741766567.851387 1.52971797 0.19413186 0.05685438 -0.00435267 -0.00171603 0.89730591 -0.44138442
1741766567.984920 1.52980498 0.19409435 0.05675221 -0.00416216 -0.00193543 0.89730992 -0.44137720
1741766568.118306 1.52929921 0.19415859 0.05596762 -0.00403660 -0.00179963 0.89726549 -0.44146926
1741766568.251711 1.52918426 0.19388617 0.05635187 -0.00425803 -0.00219901 0.89731060 -0.44137368
1741766568.385250 1.52914636 0.19383415 0.05632208 -0.00425492 -0.00207141 0.89732272 -0.44134968
1741766568.518581 1.52907306 0.19371811 0.05627721 -0.00425291 -0.00217369 0.89734184 -0.44131032
1741766568.652113 1.52897033 0.19362349 0.05619435 -0.00423138 -0.00216535 0.89734659 -0.44130091
1741766568.785572 1.52905681 0.19386796 0.05621639 -0.00418806 -0.00203511 0.89728603 -0.44142508
1741766568.918942 1.52862865 0.19366813 0.05554760 -0.00421037 -0.00193428 0.89727018 -0.44145753
1741766569.052308 1.52864234 0.19368952 0.05556819 -0.00427936 -0.00183787 0.89725995 -0.44147807
1741766569.185826 1.52866575 0.19367534 0.05551261 -0.00421367 -0.00188550 0.89726557 -0.44146709
1741766569.319335 1.52867078 0.19372035 0.05551484 -0.00416216 -0.00188341 0.89725228 -0.44149460
1741766569.452801 1.52867571 0.19375267 0.05553800 -0.00416106 -0.00184564 0.89725162 -0.44149610
1741766569.586268 1.52865798 0.19374471 0.05556145 -0.00421607 -0.00181681 0.89724668 -0.44150575
1741766569.719613 1.52866403 0.19375531 0.05559288 -0.00425939 -0.00179632 0.89724578 -0.44150723
1741766569.853096 1.52863673 0.19374230 0.05553687 -0.00421952 -0.00177118 0.89724884 -0.44150150
1741766569.986571 1.52870437 0.19374610 0.05553048 -0.00425552 -0.00180116 0.89724682 -0.44150515
1741766570.119824 1.52865322 0.19376389 0.05552520 -0.00418884 -0.00181555 0.89725397 -0.44149118
1741766570.253296 1.52865582 0.19373523 0.05554443 -0.00419551 -0.00182989 0.89725261 -0.44149383
1741766570.386750 1.52864975 0.19372717 0.05555696 -0.00422414 -0.00183688 0.89725574 -0.44148718
1741766570.520096 1.52861822 0.19369496 0.05553774 -0.00424434 -0.00178931 0.89725785 -0.44148288
1741766570.653584 1.52862058 0.19370105 0.05551610 -0.00419687 -0.00181416 0.89725646 -0.44148607
1741766570.787020 1.52864915 0.19373730 0.05553664 -0.00422519 -0.00175701 0.89724918 -0.44150081
1741766570.920399 1.52861036 0.19368923 0.05549012 -0.00418057 -0.00175031 0.89724990 -0.44149981
1741766571.053824 1.52859171 0.19369336 0.05544542 -0.00415236 -0.00172564 0.89724870 -0.44150261
1741766571.187335 1.52860065 0.19369444 0.05544577 -0.00415540 -0.00170490 0.89724686 -0.44150639
1741766571.320752 1.52861485 0.19369708 0.05549333 -0.00419624 -0.00171996 0.89724749 -0.44150466
1741766571.454165 1.52865534 0.19372134 0.05552641 -0.00418291 -0.00176623 0.89725078 -0.44149793
1741766571.587557 1.52867090 0.19376091 0.05550305 -0.00413764 -0.00174798 0.89724597 -0.44150821
1741766571.721072 1.52866198 0.19374598 0.05550571 -0.00416330 -0.00175736 0.89724805 -0.44150369
1741766571.854463 1.52864278 0.19371906 0.05552932 -0.00421408 -0.00171344 0.89724820 -0.44150308
1741766571.988035 1.52865978 0.19374129 0.05551496 -0.00416388 -0.00171979 0.89724559 -0.44150883
1741766572.121317 1.52865497 0.19375300 0.05553723 -0.00420060 -0.00173077 0.89723490 -0.44153017
1741766572.254889 1.52864025 0.19373169 0.05559550 -0.00423399 -0.00181450 0.89723340 -0.44153256
1741766572.388255 1.52866276 0.19377334 0.05560161 -0.00421586 -0.00181307 0.89722635 -0.44154707
1741766572.521656 1.52864805 0.19373748 0.05556830 -0.00419077 -0.00179583 0.89724806 -0.44150326
1741766572.655065 1.52861042 0.19365358 0.05555844 -0.00421347 -0.00183286 0.89725620 -0.44148634
1741766572.788507 1.52868613 0.19368039 0.05556413 -0.00416220 -0.00185461 0.89726675 -0.44146532
1741766572.921988 1.52863901 0.19367474 0.05558692 -0.00424785 -0.00178008 0.89726524 -0.44146787
1741766573.055331 1.52868952 0.19372978 0.05557093 -0.00418231 -0.00178047 0.89726050 -0.44147811
1741766573.188884 1.52864469 0.19368204 0.05555688 -0.00420396 -0.00177942 0.89726175 -0.44147538
1741766573.322394 1.52866207 0.19369278 0.05553547 -0.00414238 -0.00182489 0.89725939 -0.44148057
1741766573.455835 1.52860828 0.19366057 0.05555679 -0.00424454 -0.00177169 0.89725761 -0.44148343
1741766573.589065 1.52852531 0.19362311 0.05559744 -0.00432184 -0.00173850 0.89723720 -0.44152430
1741766573.722555 1.52859118 0.19366768 0.05559177 -0.00426089 -0.00176909 0.89724151 -0.44151602
1741766573.855934 1.52856735 0.19363829 0.05560982 -0.00428840 -0.00177935 0.89724199 -0.44151472
1741766573.989425 1.52858978 0.19365954 0.05557394 -0.00422289 -0.00180227 0.89723951 -0.44152030
1741766574.122931 1.52857366 0.19368075 0.05555272 -0.00420612 -0.00177099 0.89723703 -0.44152563
1741766574.256449 1.52862411 0.19370851 0.05555342 -0.00419555 -0.00176956 0.89723401 -0.44153187
1741766574.389700 1.52857219 0.19365245 0.05556346 -0.00425677 -0.00175398 0.89723785 -0.44152355
1741766574.523139 1.52857670 0.19365519 0.05560923 -0.00428889 -0.00176742 0.89723913 -0.44152058
1741766574.656539 1.52858053 0.19365791 0.05558421 -0.00424839 -0.00177897 0.89723808 -0.44152307
1741766574.790038 1.52861133 0.19367931 0.05558271 -0.00424514 -0.00172775 0.89723360 -0.44153240
1741766574.923417 1.52858065 0.19369329 0.05552628 -0.00419081 -0.00171539 0.89723857 -0.44152287
1741766575.056975 1.52858306 0.19368337 0.05552496 -0.00418902 -0.00176831 0.89723812 -0.44152360
1741766575.190362 1.52852569 0.19361322 0.05555744 -0.00424630 -0.00179979 0.89723374 -0.44153182
1741766575.323716 1.52862642 0.19371038 0.05562076 -0.00426336 -0.00178131 0.89723490 -0.44152937
1741766575.457164 1.52859231 0.19363425 0.05555667 -0.00421946 -0.00177522 0.89725499 -0.44148898
1741766575.590650 1.52857831 0.19361801 0.05555570 -0.00421531 -0.00178125 0.89725344 -0.44149216
1741766575.724013 1.52859181 0.19367049 0.05555585 -0.00421034 -0.00176945 0.89725354 -0.44149204
1741766575.857538 1.52860824 0.19367111 0.05555082 -0.00421295 -0.00175772 0.89725169 -0.44149583
1741766575.991016 1.52859600 0.19364176 0.05554286 -0.00420290 -0.00178129 0.89725684 -0.44148536
1741766576.124396 1.52861168 0.19365274 0.05552828 -0.00416689 -0.00180490 0.89725613 -0.44148706
1741766576.257885 1.52858750 0.19362858 0.05556397 -0.00423065 -0.00175058 0.89726078 -0.44147722
1741766576.391212 1.52862472 0.19366507 0.05554670 -0.00417265 -0.00175047 0.89726014 -0.44147907
1741766576.524627 1.52857426 0.19363312 0.05549975 -0.00417082 -0.00175957 0.89726083 -0.44147764
1741766576.658118 1.52859912 0.19364123 0.05553332 -0.00419877 -0.00174733 0.89726869 -0.44146146
1741766576.791643 1.52863293 0.19364953 0.05552564 -0.00415692 -0.00180027 0.89727043 -0.44145810
1741766576.925016 1.52859161 0.19359475 0.05554527 -0.00420592 -0.00181183 0.89726819 -0.44146213
1741766577.058724 1.52860366 0.19365129 0.05554672 -0.00421463 -0.00171601 0.89725842 -0.44148230
1741766577.191843 1.52857786 0.19365715 0.05549693 -0.00415770 -0.00174375 0.89725278 -0.44149418
1741766577.325290 1.52861064 0.19366431 0.05552149 -0.00415451 -0.00179193 0.89725720 -0.44148504
1741766577.458939 1.52853142 0.19358327 0.05544583 -0.00413718 -0.00177213 0.89725355 -0.44149270
1741766577.592226 1.52861108 0.19366763 0.05553884 -0.00421192 -0.00173075 0.89725045 -0.44149846
1741766577.726076 1.52853707 0.19359964 0.05551849 -0.00420466 -0.00176848 0.89725509 -0.44148896
1741766577.859007 1.52862341 0.19364228 0.05557421 -0.00419468 -0.00182330 0.89726130 -0.44147620
1741766577.992432 1.52861052 0.19361912 0.05555054 -0.00417214 -0.00184452 0.89726397 -0.44147091
1741766578.125970 1.52857528 0.19363828 0.05554456 -0.00420740 -0.00179770 0.89725421 -0.44149061
1741766578.259346 1.52858786 0.19366118 0.05549630 -0.00413988 -0.00175773 0.89724938 -0.44150121
1741766578.392780 1.52856421 0.19364121 0.05542983 -0.00408766 -0.00176367 0.89724623 -0.44150807
1741766578.526217 1.52858589 0.19364586 0.05550019 -0.00418335 -0.00174525 0.89725025 -0.44149909
1741766578.659685 1.52859443 0.19365740 0.05553490 -0.00419558 -0.00175430 0.89725162 -0.44149614
1741766578.793216 1.52859763 0.19361892 0.05554870 -0.00421973 -0.00179649 0.89725839 -0.44148198
1741766578.926582 1.52867836 0.19372111 0.05561887 -0.00426335 -0.00176133 0.89724788 -0.44150307
1741766579.059942 1.52861221 0.19367066 0.05557115 -0.00425281 -0.00172829 0.89724761 -0.44150386
1741766579.193416 1.52858693 0.19365292 0.05552931 -0.00420636 -0.00175049 0.89724747 -0.44150450
1741766579.326785 1.52858290 0.19365365 0.05550222 -0.00418360 -0.00173409 0.89724840 -0.44150288
1741766579.460387 1.52859631 0.19367154 0.05551945 -0.00419152 -0.00174777 0.89724991 -0.44149969
1741766579.593715 1.52863255 0.19368457 0.05552610 -0.00417906 -0.00178594 0.89725200 -0.44149540
1741766579.727082 1.52863509 0.19367338 0.05552362 -0.00417600 -0.00180457 0.89725642 -0.44148638
1741766579.860466 1.52859399 0.19364164 0.05548688 -0.00416980 -0.00173582 0.89725171 -0.44149628
1741766579.993954 1.52859610 0.19365682 0.05549756 -0.00421056 -0.00171343 0.89724965 -0.44150018
1741766580.127380 1.52863007 0.19365513 0.05552282 -0.00417458 -0.00179961 0.89725718 -0.44148486
1741766580.260828 1.52863968 0.19367029 0.05545238 -0.00408163 -0.00178347 0.89725684 -0.44148650
1741766580.394408 1.52860975 0.19368171 0.05547998 -0.00418642 -0.00169586 0.89724835 -0.44150311
1741766580.527768 1.52861454 0.19367614 0.05553443 -0.00421815 -0.00173051 0.89724932 -0.44150071
1741766580.661131 1.52857838 0.19362696 0.05553184 -0.00421839 -0.00174992 0.89725918 -0.44148059
1741766580.794564 1.52861588 0.19365607 0.05553741 -0.00422086 -0.00174112 0.89725301 -0.44149314
1741766580.927960 1.52864088 0.19367214 0.05552932 -0.00417420 -0.00179603 0.89725858 -0.44148205
1741766581.061403 1.52860722 0.19364855 0.05551867 -0.00417918 -0.00178873 0.89725533 -0.44148863
1741766581.194882 1.52862773 0.19366637 0.05552148 -0.00417892 -0.00179229 0.89725551 -0.44148825
1741766581.328384 1.52861220 0.19367292 0.05547536 -0.00412637 -0.00176666 0.89724780 -0.44150452
1741766581.461724 1.52862102 0.19367643 0.05548663 -0.00415244 -0.00174844 0.89725349 -0.44149277
1741766581.595156 1.52860364 0.19365842 0.05557633 -0.00426556 -0.00173351 0.89725084 -0.44149715
1741766581.728751 1.52857234 0.19363489 0.05549102 -0.00418828 -0.00171828 0.89724917 -0.44150133
1741766581.862072 1.52859193 0.19366231 0.05554106 -0.00424698 -0.00171394 0.89724862 -0.44150191
1741766581.995497 1.52861022 0.19368966 0.05552129 -0.00419411 -0.00171680 0.89724302 -0.44151378
1741766582.128988 1.52856821 0.19366654 0.05549296 -0.00420944 -0.00170637 0.89724672 -0.44150616
1741766582.262376 1.52864656 0.19369934 0.05551924 -0.00413843 -0.00179636 0.89725323 -0.44149325
1741766582.395904 1.52862815 0.19366786 0.05551990 -0.00414013 -0.00184766 0.89725683 -0.44148570
1741766582.529163 1.52863523 0.19367227 0.05551544 -0.00413589 -0.00184519 0.89725546 -0.44148854
1741766582.662610 1.52863898 0.19371367 0.05547077 -0.00408860 -0.00176373 0.89724860 -0.44150325
1741766582.796094 1.52857793 0.19362614 0.05556490 -0.00426300 -0.00181642 0.89725094 -0.44149663
1741766582.929549 1.52862469 0.19362411 0.05563998 -0.00428234 -0.00186070 0.89726249 -0.44147280
1741766583.062994 1.52858221 0.19365739 0.05552187 -0.00419608 -0.00173983 0.89724535 -0.44150895
1741766583.196412 1.52862272 0.19370853 0.05555909 -0.00423025 -0.00170795 0.89724229 -0.44151497
1741766583.329854 1.52854062 0.19365845 0.05547647 -0.00417235 -0.00172267 0.89723789 -0.44152441
1741766583.463363 1.52862078 0.19372179 0.05547736 -0.00412552 -0.00176575 0.89723724 -0.44152598
1741766583.596754 1.52859274 0.19367692 0.05550905 -0.00417825 -0.00179739 0.89723613 -0.44152761
1741766583.730165 1.52859761 0.19369595 0.05554131 -0.00419304 -0.00180377 0.89722883 -0.44154228
1741766583.863609 1.52859732 0.19369406 0.05554675 -0.00419905 -0.00180490 0.89723554 -0.44152859
1741766583.997054 1.52857355 0.19367519 0.05554947 -0.00420249 -0.00180954 0.89723315 -0.44153339
1741766584.130452 1.52856704 0.19366494 0.05554415 -0.00423282 -0.00176188 0.89723082 -0.44153804
1741766584.263879 1.52860655 0.19370552 0.05558912 -0.00426957 -0.00175837 0.89722751 -0.44154442
1741766584.397372 1.52858504 0.19368473 0.05556931 -0.00423585 -0.00175196 0.89723136 -0.44153694
1741766584.530866 1.52858035 0.19370671 0.05555411 -0.00423664 -0.00175802 0.89722715 -0.44154547
1741766584.664293 1.52859739 0.19367770 0.05553117 -0.00416983 -0.00182753 0.89723600 -0.44152785
1741766584.797633 1.52859412 0.19369167 0.05557311 -0.00425424 -0.00175671 0.89723174 -0.44153597
1741766584.931424 1.52860645 0.19370695 0.05552959 -0.00415769 -0.00183257 0.89723306 -0.44153390
1741766585.064479 1.52859076 0.19367017 0.05558360 -0.00427596 -0.00178442 0.89723735 -0.44152425
1741766585.197974 1.52852469 0.19360082 0.05550949 -0.00420311 -0.00180200 0.89723762 -0.44152433
1741766585.331350 1.52859931 0.19370166 0.05552938 -0.00417881 -0.00178962 0.89723025 -0.44153960
1741766585.464832 1.52858915 0.19367073 0.05553845 -0.00422000 -0.00179525 0.89723352 -0.44153253
1741766585.598356 1.52857767 0.19365971 0.05555743 -0.00424681 -0.00177644 0.89723838 -0.44152248
1741766585.731628 1.52856649 0.19368085 0.05552251 -0.00419881 -0.00176774 0.89723435 -0.44153116
1741766585.865157 1.52858329 0.19369184 0.05551843 -0.00418544 -0.00179209 0.89723042 -0.44153917
1741766585.998539 1.52857644 0.19368786 0.05551091 -0.00418169 -0.00175473 0.89723460 -0.44153087
1741766586.132128 1.52855444 0.19367790 0.05548541 -0.00417611 -0.00174808 0.89722931 -0.44154169
1741766586.265427 1.52858470 0.19369452 0.05552668 -0.00421891 -0.00175129 0.89723022 -0.44153942
1741766586.398830 1.52856718 0.19367983 0.05556806 -0.00423892 -0.00178850 0.89723400 -0.44153141
1741766586.532246 1.52863156 0.19369956 0.05555409 -0.00418393 -0.00183279 0.89723475 -0.44153023
1741766586.665746 1.52858116 0.19366377 0.05555062 -0.00423142 -0.00179766 0.89723732 -0.44152469
1741766586.799125 1.52861235 0.19369422 0.05554972 -0.00422313 -0.00177151 0.89723725 -0.44152501
1741766586.932911 1.52858588 0.19368571 0.05556316 -0.00422807 -0.00177418 0.89724469 -0.44150985
1741766587.066130 1.52860064 0.19367087 0.05555153 -0.00422428 -0.00177904 0.89724429 -0.44151067
1741766587.199438 1.52859534 0.19365449 0.05558700 -0.00427114 -0.00177879 0.89724510 -0.44150857
1741766587.332891 1.52855701 0.19362888 0.05551889 -0.00419752 -0.00180227 0.89724372 -0.44151200
1741766587.466520 1.52858814 0.19366675 0.05552619 -0.00418545 -0.00180776 0.89724642 -0.44150659
1741766587.600030 1.52858807 0.19365529 0.05556383 -0.00425716 -0.00177699 0.89724665 -0.44150557
1741766587.733187 1.52858445 0.19365856 0.05556949 -0.00424574 -0.00178548 0.89724510 -0.44150879
1741766587.866686 1.52861320 0.19370436 0.05547178 -0.00407205 -0.00183389 0.89724153 -0.44151749
1741766588.000089 1.52858644 0.19367382 0.05551054 -0.00421667 -0.00174664 0.89724148 -0.44151659
1741766588.133459 1.52860079 0.19367137 0.05558133 -0.00426312 -0.00178171 0.89724338 -0.44151213
1741766588.266990 1.52859225 0.19367411 0.05554462 -0.00421923 -0.00177687 0.89724140 -0.44151660
1741766588.400476 1.52853849 0.19362029 0.05551536 -0.00423017 -0.00175233 0.89724549 -0.44150829
1741766588.533829 1.52859788 0.19368794 0.05556591 -0.00424139 -0.00176209 0.89724013 -0.44151903
1741766588.667307 1.52855513 0.19365406 0.05550894 -0.00418232 -0.00181285 0.89724082 -0.44151798
1741766588.800620 1.52857380 0.19365056 0.05552666 -0.00421519 -0.00180063 0.89724208 -0.44151516
1741766588.934090 1.52861148 0.19367682 0.05552083 -0.00414358 -0.00183272 0.89724462 -0.44151056
1741766589.067548 1.52857958 0.19367783 0.05555028 -0.00424292 -0.00176168 0.89724136 -0.44151652
1741766589.200988 1.52859716 0.19370224 0.05555625 -0.00423366 -0.00176192 0.89723687 -0.44152574
1741766589.334354 1.52859555 0.19368605 0.05554263 -0.00420972 -0.00177343 0.89724369 -0.44151205
1741766589.467870 1.52862130 0.19368098 0.05553898 -0.00417857 -0.00182001 0.89724655 -0.44150635
1741766589.601524 1.52859675 0.19368199 0.05551744 -0.00418837 -0.00179503 0.89724267 -0.44151425
1741766589.701913 1.52858772 0.19367555 0.05552167 -0.00420112 -0.00176495 0.89724329 -0.44151299
1741766589.868166 1.52858929 0.19367276 0.05554629 -0.00422698 -0.00177794 0.89723814 -0.44152314
1741766589.968333 1.52860228 0.19368938 0.05554091 -0.00418002 -0.00182292 0.89723551 -0.44152876
1741766590.101806 1.52858777 0.19368798 0.05549904 -0.00415941 -0.00176864 0.89723356 -0.44153313
1741766590.235245 1.52859062 0.19368129 0.05551448 -0.00421044 -0.00175116 0.89724069 -0.44151823
1741766590.368520 1.52856740 0.19362322 0.05557058 -0.00426467 -0.00179460 0.89724777 -0.44150316
1741766590.501891 1.52854566 0.19360782 0.05549317 -0.00417172 -0.00180630 0.89724778 -0.44150396
1741766590.635374 1.52858205 0.19366529 0.05554597 -0.00423933 -0.00177878 0.89724213 -0.44151492
1741766590.768721 1.52855352 0.19362154 0.05553400 -0.00421716 -0.00182238 0.89724579 -0.44150752
1741766590.902183 1.52855444 0.19361616 0.05554161 -0.00424200 -0.00180114 0.89724940 -0.44150002
1741766591.035625 1.52856403 0.19365692 0.05551335 -0.00418271 -0.00178025 0.89724744 -0.44150467
1741766591.169026 1.52860042 0.19368298 0.05551472 -0.00416806 -0.00180117 0.89724785 -0.44150387
1741766591.302492 1.52857987 0.19363900 0.05556601 -0.00425082 -0.00178535 0.89724822 -0.44150241
1741766591.436028 1.52858048 0.19364601 0.05557512 -0.00426053 -0.00178871 0.89724629 -0.44150622
1741766591.569422 1.52863461 0.19366547 0.05553534 -0.00416136 -0.00184197 0.89725541 -0.44148841
1741766591.702892 1.52855556 0.19364774 0.05551115 -0.00422400 -0.00176451 0.89725039 -0.44149833
1741766591.836315 1.52862659 0.19369309 0.05555183 -0.00422555 -0.00174367 0.89725555 -0.44148792
1741766591.969697 1.52862751 0.19366960 0.05552260 -0.00416150 -0.00181286 0.89726276 -0.44147359
1741766592.103230 1.52861588 0.19366354 0.05551011 -0.00416998 -0.00179628 0.89725894 -0.44148134
1741766592.236587 1.52858356 0.19361443 0.05550813 -0.00419419 -0.00176779 0.89726129 -0.44147645
1741766592.370018 1.52862942 0.19366648 0.05560347 -0.00428515 -0.00173133 0.89726147 -0.44147536
1741766592.503380 1.52862142 0.19361582 0.05546666 -0.00410445 -0.00177195 0.89727271 -0.44145408
1741766592.636841 1.52866429 0.19369271 0.05547866 -0.00411579 -0.00179202 0.89726089 -0.44147792
1741766592.770457 1.52861715 0.19364885 0.05549979 -0.00417123 -0.00178964 0.89726446 -0.44147014
1741766592.903768 1.52858084 0.19360181 0.05551908 -0.00421077 -0.00177574 0.89727133 -0.44145585
1741766593.037111 1.52859818 0.19363839 0.05549631 -0.00417566 -0.00176766 0.89726426 -0.44147059
1741766593.170632 1.52859223 0.19364892 0.05550550 -0.00420088 -0.00176010 0.89726297 -0.44147301
1741766593.304059 1.52860291 0.19367017 0.05552227 -0.00416549 -0.00179253 0.89725978 -0.44147970
1741766593.437503 1.52860778 0.19365001 0.05552130 -0.00420773 -0.00176599 0.89726021 -0.44147852
1741766593.570922 1.52861328 0.19365266 0.05550973 -0.00416762 -0.00180082 0.89726027 -0.44147865
1741766593.704328 1.52858950 0.19362669 0.05547425 -0.00415291 -0.00175584 0.89726234 -0.44147477
1741766593.837763 1.52859911 0.19365033 0.05548913 -0.00419718 -0.00174120 0.89726007 -0.44147900
1741766593.971225 1.52857394 0.19359520 0.05555373 -0.00424565 -0.00179970 0.89726878 -0.44146062
1741766594.104618 1.52855374 0.19357064 0.05552631 -0.00422834 -0.00179355 0.89727034 -0.44145764
1741766594.238697 1.52858421 0.19363014 0.05552154 -0.00421837 -0.00177763 0.89726067 -0.44147744
1741766594.371473 1.52861445 0.19365231 0.05555924 -0.00423430 -0.00174649 0.89726126 -0.44147621
1741766594.504956 1.52858202 0.19362702 0.05551597 -0.00418795 -0.00176850 0.89725928 -0.44148059
1741766594.638412 1.52855695 0.19357980 0.05549205 -0.00419217 -0.00179153 0.89726591 -0.44146700
1741766594.771770 1.52860304 0.19362245 0.05543670 -0.00408293 -0.00181827 0.89726193 -0.44147598
1741766594.905314 1.52854172 0.19361372 0.05547476 -0.00419169 -0.00174094 0.89725730 -0.44148470
1741766595.038944 1.52861268 0.19367254 0.05551506 -0.00419918 -0.00174276 0.89725890 -0.44148137
1741766595.172192 1.52859196 0.19367692 0.05549273 -0.00417065 -0.00174643 0.89725240 -0.44149482
1741766595.305515 1.52851892 0.19354802 0.05537298 -0.00411540 -0.00175219 0.89726048 -0.44147891
1741766595.439014 1.52859219 0.19363724 0.05550283 -0.00422377 -0.00172863 0.89725838 -0.44148224
1741766595.572430 1.52863854 0.19364548 0.05556684 -0.00423605 -0.00178355 0.89726262 -0.44147329
1741766595.705896 1.52860780 0.19358764 0.05551508 -0.00416669 -0.00184126 0.89727444 -0.44144969
1741766595.839277 1.52855828 0.19357545 0.05549140 -0.00419882 -0.00179444 0.89726949 -0.44145964
1741766595.972750 1.52861726 0.19357791 0.05551623 -0.00416449 -0.00187339 0.89728169 -0.44143484
1741766596.106170 1.52857762 0.19359401 0.05551973 -0.00421535 -0.00177070 0.89726862 -0.44146135
1741766596.239604 1.52850033 0.19354947 0.05540951 -0.00414884 -0.00174791 0.89725797 -0.44148370
1741766596.373038 1.52858629 0.19362965 0.05545948 -0.00416797 -0.00173173 0.89726249 -0.44147441
1741766596.506526 1.52855984 0.19362196 0.05547943 -0.00420259 -0.00172005 0.89726281 -0.44147347
1741766596.640018 1.52861971 0.19368154 0.05546373 -0.00406828 -0.00182319 0.89726072 -0.44147856
1741766596.773364 1.52857809 0.19364048 0.05548644 -0.00416826 -0.00178499 0.89725787 -0.44148359
1741766596.906862 1.52856936 0.19362750 0.05552742 -0.00421808 -0.00178593 0.89726370 -0.44147126
1741766597.040247 1.52860527 0.19364253 0.05547450 -0.00414893 -0.00174634 0.89725581 -0.44148812
1741766597.173642 1.52853607 0.19358394 0.05549258 -0.00423080 -0.00173849 0.89726231 -0.44147415
1741766597.307085 1.52859602 0.19361511 0.05561437 -0.00430496 -0.00176820 0.89726493 -0.44146799
1741766597.440601 1.52860527 0.19359201 0.05551709 -0.00414363 -0.00184459 0.89727114 -0.44145660
1741766597.573985 1.52859766 0.19363326 0.05555588 -0.00426720 -0.00176331 0.89726088 -0.44147660
1741766597.707393 1.52859495 0.19364917 0.05550639 -0.00416446 -0.00177012 0.89726201 -0.44147526
1741766597.840862 1.52858677 0.19363455 0.05550727 -0.00420591 -0.00174243 0.89726693 -0.44146499
1741766597.974292 1.52858331 0.19360879 0.05557890 -0.00427911 -0.00176498 0.89726396 -0.44147022
1741766598.107700 1.52858956 0.19357917 0.05551082 -0.00415201 -0.00185616 0.89727422 -0.44145022
1741766598.241205 1.52855687 0.19361487 0.05552130 -0.00422643 -0.00176505 0.89726303 -0.44147262
1741766598.374887 1.52856450 0.19362955 0.05552608 -0.00422664 -0.00174312 0.89726060 -0.44147764
1741766598.507986 1.52858207 0.19363700 0.05552747 -0.00422768 -0.00175121 0.89726040 -0.44147801
1741766598.641637 1.52857193 0.19361674 0.05549074 -0.00415965 -0.00178089 0.89726502 -0.44146914
1741766598.774879 1.52856406 0.19358984 0.05550318 -0.00421684 -0.00174817 0.89726903 -0.44146060
1741766598.908303 1.52856918 0.19360543 0.05544863 -0.00412193 -0.00176613 0.89726695 -0.44146565
1741766599.041950 1.52854724 0.19360807 0.05542184 -0.00415130 -0.00169304 0.89726734 -0.44146485
1741766599.175249 1.52857871 0.19362120 0.05545189 -0.00416605 -0.00169659 0.89727024 -0.44145880
1741766599.308683 1.52857819 0.19361223 0.05547858 -0.00418450 -0.00171570 0.89727656 -0.44144571
1741766599.442093 1.52857415 0.19360484 0.05550259 -0.00420996 -0.00173259 0.89727343 -0.44145176
1741766599.575643 1.52857588 0.19355334 0.05552579 -0.00420964 -0.00181447 0.89728674 -0.44142438
1741766599.708985 1.52859457 0.19358549 0.05555556 -0.00424331 -0.00177483 0.89728167 -0.44143453
1741766599.842369 1.52860482 0.19360014 0.05558598 -0.00426811 -0.00177517 0.89727546 -0.44144692
1741766599.975865 1.52855521 0.19352850 0.05547916 -0.00413992 -0.00185350 0.89728641 -0.44142556
1741766600.109285 1.52854823 0.19358363 0.05544567 -0.00417479 -0.00170615 0.89726696 -0.44146536
1741766600.242690 1.52862932 0.19365200 0.05550503 -0.00417855 -0.00173501 0.89727277 -0.44145340
1741766600.376076 1.52864126 0.19361790 0.05556382 -0.00423711 -0.00174320 0.89727504 -0.44144820
1741766600.509546 1.52858485 0.19361828 0.05551398 -0.00418617 -0.00179578 0.89727373 -0.44145114
1741766600.643058 1.52855089 0.19359036 0.05551619 -0.00421673 -0.00176848 0.89727750 -0.44144328
1741766600.776607 1.52858316 0.19359801 0.05550964 -0.00421190 -0.00174510 0.89727298 -0.44145262
